3273	Wed.Aug15,2018	8	47	39	10	36	2
3272	Sat.Aug11,2018	11	28	24	46	23	18
3271	Wed.Aug08,2018	30	3	46	21	32	19
3270	Sat.Aug04,2018	38	14	33	46	19	16
3269	Wed.Aug01,2018	1	23	44	4	35	2
3268	Sat.Jul28,2018	4	33	11	8	31	12
3267	Wed.Jul25,2018	40	6	27	16	30	11
3266	Sat.Jul21,2018	30	44	3	4	32	11
3265	Wed.Jul18,2018	3	4	16	1	39	19
3264	Sat.Jul14,2018	24	5	12	26	37	4
3263	Wed.Jul11,2018	18	15	39	20	16	3
3262	Sat.Jul07,2018	10	36	34	39	1	25
3261	Wed.Jul04,2018	38	44	32	21	33	8
3260	Sat.Jun30,2018	23	1	22	26	36	4
3259	Wed.Jun27,2018	34	6	29	16	32	15
3258	Sat.Jun23,2018	13	2	23	9	6	22
3257	Wed.Jun20,2018	6	19	28	15	25	1
3256	Sat.Jun16,2018	24	42	11	13	30	4
3255	Wed.Jun13,2018	38	44	40	47	8	4
3254	Sat.Jun09,2018	11	27	47	33	5	18
3253	Wed.Jun06,2018	19	37	3	16	26	1
3252	Sat.Jun02,2018	37	44	3	15	11	10
3251	Wed.May30,2018	14	23	17	46	25	6
3250	Sat.May26,2018	47	4	25	42	30	23
3249	Wed.May23,2018	34	6	38	39	44	12
3248	Sat.May19,2018	37	12	22	30	25	24
3247	Wed.May16,2018	22	43	24	31	18	15
3246	Sat.May12,2018	9	1	17	25	20	7
3245	Wed.May09,2018	4	7	37	28	41	2
3244	Sat.May05,2018	15	36	38	1	43	26
3243	Wed.May02,2018	44	33	28	25	11	11
3242	Sat.Apr28,2018	17	37	22	2	9	22
3241	Wed.Apr25,2018	18	45	20	36	8	21
3240	Sat.Apr21,2018	30	12	19	14	34	11
3239	Wed.Apr18,2018	18	1	32	25	9	17
3238	Sat.Apr14,2018	39	14	31	27	5	19
3237	Wed.Apr11,2018	16	5	22	9	28	23
3236	Sat.Apr07,2018	24	13	39	16	38	4
3235	Wed.Apr04,2018	24	3	36	15	12	23
3234	Sat.Mar31,2018	27	30	12	47	29	19
3233	Wed.Mar28,2018	10	3	21	4	42	3
3232	Sat.Mar24,2018	43	15	9	22	1	3
3231	Wed.Mar21,2018	25	6	14	42	20	1
3230	Sat.Mar17,2018	10	16	11	25	35	6
3229	Wed.Mar14,2018	18	4	9	24	32	3
3228	Sat.Mar10,2018	31	17	19	30	42	25
3227	Wed.Mar07,2018	10	12	7	37	19	8
3226	Sat.Mar03,2018	43	45	6	42	24	9
3225	Wed.Feb28,2018	6	25	7	9	14	13
3224	Sat.Feb24,2018	38	22	15	29	6	24
3223	Wed.Feb21,2018	45	10	31	43	25	6
3222	Sat.Feb17,2018	19	39	34	27	36	17
3221	Wed.Feb14,2018	46	8	15	26	23	21
3220	Sat.Feb10,2018	33	41	32	42	27	7
3219	Wed.Feb07,2018	20	7	18	24	15	1
3218	Sat.Feb03,2018	41	10	45	46	29	10
3217	Wed.Jan31,2018	21	32	19	4	6	24
3216	Sat.Jan27,2018	45	8	19	5	40	1
3215	Wed.Jan24,2018	10	25	29	41	43	20
3214	Sat.Jan20,2018	22	25	16	41	44	3
3213	Wed.Jan17,2018	18	8	3	31	36	7
3212	Sat.Jan13,2018	33	3	28	24	40	27
3211	Wed.Jan10,2018	36	44	19	37	46	23
3210	Sat.Jan06,2018	21	15	24	4	39	6
3209	Wed.Jan03,2018	35	27	18	31	24	15
3208	Sat.Dec30,2017	30	37	27	25	32	3
3207	Wed.Dec27,2017	1	14	24	41	8	10
3206	Sat.Dec23,2017	1	7	40	34	4	1
3205	Wed.Dec20,2017	13	27	29	1	7	26
3204	Sat.Dec16,2017	21	17	44	4	37	17
3203	Wed.Dec13,2017	15	19	11	39	14	15
3202	Sat.Dec09,2017	8	45	19	34	41	21
3201	Wed.Dec06,2017	12	24	7	1	2	23
3200	Sat.Dec02,2017	33	18	7	42	40	7
3199	Wed.Nov29,2017	3	33	26	27	7	6
3198	Sat.Nov25,2017	21	46	13	25	17	19
3197	Wed.Nov22,2017	32	40	27	42	8	3
3196	Sat.Nov18,2017	34	19	43	42	46	20
3195	Wed.Nov15,2017	20	21	38	18	45	9
3194	Sat.Nov11,2017	39	21	16	4	47	8
3193	Wed.Nov08,2017	22	38	16	17	41	3
3192	Sat.Nov04,2017	29	5	41	8	32	25
3191	Wed.Nov01,2017	22	44	43	26	47	24
3190	Sat.Oct28,2017	8	30	37	24	12	6
3189	Wed.Oct25,2017	36	5	44	29	37	8
3188	Sat.Oct21,2017	27	4	36	47	18	15
3187	Wed.Oct18,2017	24	5	33	35	10	13
3186	Sat.Oct14,2017	41	20	3	6	40	16
3185	Wed.Oct11,2017	33	43	38	32	17	27
3184	Sat.Oct07,2017	16	47	24	41	18	23
3183	Wed.Oct04,2017	21	39	30	24	27	22
3182	Sat.Sep30,2017	30	46	42	10	21	3
3181	Wed.Sep27,2017	12	2	44	8	37	12
3180	Sat.Sep23,2017	13	8	46	4	6	6
3179	Wed.Sep20,2017	40	46	36	4	38	21
3178	Sat.Sep16,2017	4	7	33	26	5	19
3177	Wed.Sep13,2017	16	44	32	2	12	2
3176	Sat.Sep09,2017	22	15	14	36	46	21
3175	Wed.Sep06,2017	13	43	25	31	47	14
3174	Sat.Sep02,2017	30	15	1	41	3	12
3173	Wed.Aug30,2017	47	35	21	38	22	22
3172	Sat.Aug26,2017	45	1	4	27	13	16
3171	Wed.Aug23,2017	27	35	8	20	7	7
3170	Sat.Aug19,2017	21	47	27	14	8	25
3169	Wed.Aug16,2017	43	34	47	31	23	19
3168	Sat.Aug12,2017	10	27	34	28	41	7
3167	Wed.Aug09,2017	30	28	31	29	20	17
3166	Sat.Aug05,2017	9	19	38	6	27	15
3165	Wed.Aug02,2017	36	47	37	11	41	25
3164	Sat.Jul29,2017	16	39	8	14	38	16
3163	Wed.Jul26,2017	19	15	22	27	10	19
3162	Sat.Jul22,2017	38	24	35	17	36	9
3161	Wed.Jul19,2017	6	17	7	29	46	11
3160	Sat.Jul15,2017	24	26	8	32	44	11
3159	Wed.Jul12,2017	36	9	35	14	34	27
3158	Sat.Jul08,2017	4	45	19	3	27	22
3157	Wed.Jul05,2017	42	19	29	22	10	4
3156	Sat.Jul01,2017	29	31	10	45	35	23
3155	Wed.Jun28,2017	12	38	21	22	44	22
3154	Sat.Jun24,2017	35	12	1	25	38	12
3153	Wed.Jun21,2017	25	20	46	5	32	19
3152	Sat.Jun17,2017	24	47	5	25	40	7
3151	Wed.Jun14,2017	16	34	1	35	26	25
3150	Sat.Jun10,2017	3	4	16	5	20	2
3149	Wed.Jun07,2017	28	36	34	47	46	12
3148	Sat.Jun03,2017	25	41	9	30	33	1
3147	Wed.May31,2017	36	8	7	20	23	6
3146	Sat.May27,2017	7	8	34	45	15	3
3145	Wed.May24,2017	31	16	1	14	44	22
3144	Sat.May20,2017	6	10	45	47	31	8
3143	Wed.May17,2017	27	24	8	20	34	13
3142	Sat.May13,2017	27	16	18	32	13	20
3141	Wed.May10,2017	38	16	17	36	7	22
3140	Sat.May06,2017	24	40	44	31	16	7
3139	Wed.May03,2017	23	22	32	9	37	6
3138	Sat.Apr29,2017	31	42	14	43	4	2
3137	Wed.Apr26,2017	6	28	19	45	42	7
3136	Sat.Apr22,2017	44	13	16	6	39	13
3135	Wed.Apr19,2017	28	34	33	38	2	4
3134	Sat.Apr15,2017	10	3	16	18	19	2
3133	Wed.Apr12,2017	23	17	14	9	29	5
3132	Sat.Apr08,2017	36	12	27	6	22	19
3131	Wed.Apr05,2017	35	20	41	33	40	11
3130	Sat.Apr01,2017	10	39	35	8	47	23
3129	Wed.Mar29,2017	7	21	35	10	11	13
3128	Sat.Mar25,2017	17	18	20	10	13	11
3127	Wed.Mar22,2017	26	28	42	33	8	23
3126	Sat.Mar18,2017	46	29	33	44	38	5
3125	Wed.Mar15,2017	31	13	36	34	44	1
3124	Sat.Mar11,2017	17	38	19	16	47	25
3123	Wed.Mar08,2017	25	2	37	33	11	3
3122	Sat.Mar04,2017	17	34	35	46	41	19
3121	Wed.Mar01,2017	33	20	29	42	8	23
3120	Sat.Feb25,2017	11	46	30	24	3	15
3119	Wed.Feb22,2017	34	28	32	47	15	14
3118	Sat.Feb18,2017	18	27	41	9	24	21
3117	Wed.Feb15,2017	27	5	41	9	16	5
3116	Sat.Feb11,2017	40	24	11	27	34	19
3115	Wed.Feb08,2017	4	40	11	45	37	12
3114	Sat.Feb04,2017	18	5	15	41	22	20
3113	Wed.Feb01,2017	27	31	8	10	3	16
3112	Sat.Jan28,2017	11	35	22	15	33	20
3111	Wed.Jan25,2017	13	9	29	27	33	10
3110	Sat.Jan21,2017	22	46	14	7	20	22
3109	Wed.Jan18,2017	17	29	37	31	25	6
3108	Sat.Jan14,2017	9	1	19	26	10	21
3107	Wed.Jan11,2017	43	20	15	8	44	23
3106	Sat.Jan07,2017	44	34	32	6	33	18
3105	Wed.Jan04,2017	20	38	11	47	15	16
3104	Sat.Dec31,2016	47	10	3	1	46	6
3103	Wed.Dec28,2016	10	41	13	34	16	6
3102	Sat.Dec24,2016	18	2	39	31	35	2
3101	Wed.Dec21,2016	40	16	21	41	28	16
3100	Sat.Dec17,2016	40	10	32	24	34	10
3099	Wed.Dec14,2016	16	29	10	6	31	17
3098	Sat.Dec10,2016	45	36	6	15	13	25
3097	Wed.Dec07,2016	11	10	15	38	2	19
3096	Sat.Dec03,2016	20	47	44	3	13	16
3095	Wed.Nov30,2016	17	21	38	47	28	11
3094	Sat.Nov26,2016	39	22	16	1	21	24
3093	Wed.Nov23,2016	25	15	27	34	30	1
3092	Sat.Nov19,2016	15	32	16	3	11	22
3091	Wed.Nov16,2016	33	43	28	14	37	27
3090	Sat.Nov12,2016	21	44	37	35	40	24
3089	Wed.Nov09,2016	47	31	35	26	8	12
3088	Sat.Nov05,2016	31	29	37	20	1	1
3087	Wed.Nov02,2016	11	6	42	7	47	2
3086	Sat.Oct29,2016	37	26	30	4	2	11
3085	Wed.Oct26,2016	8	19	21	33	26	15
3084	Sat.Oct22,2016	3	7	12	42	25	27
3083	Wed.Oct19,2016	9	11	15	21	4	6
3082	Sat.Oct15,2016	4	5	43	24	13	2
3081	Wed.Oct12,2016	22	5	31	23	11	26
3080	Sat.Oct08,2016	33	36	17	43	2	19
3079	Wed.Oct05,2016	9	27	33	13	40	8
3078	Sat.Oct01,2016	1	3	30	39	20	3
3077	Wed.Sep28,2016	8	43	24	18	37	5
3076	Sat.Sep24,2016	12	30	8	35	15	27
3075	Wed.Sep21,2016	36	38	41	46	6	17
3074	Sat.Sep17,2016	34	41	22	16	20	6
3073	Wed.Sep14,2016	25	8	32	45	35	24
3072	Sat.Sep10,2016	44	10	37	30	29	5
3071	Wed.Sep07,2016	32	23	20	14	39	10
3070	Sat.Sep03,2016	42	4	9	1	3	23
3069	Wed.Aug31,2016	41	46	30	17	15	12
3068	Sat.Aug27,2016	37	44	45	20	25	27
3067	Wed.Aug24,2016	46	2	9	44	40	25
3066	Sat.Aug20,2016	18	41	27	10	39	4
3065	Wed.Aug17,2016	47	46	31	22	36	18
3064	Sat.Aug13,2016	39	6	18	44	47	2
3063	Wed.Aug10,2016	40	1	44	23	46	15
3062	Sat.Aug06,2016	34	46	29	36	1	15
3061	Wed.Aug03,2016	18	19	12	29	32	18
3060	Sat.Jul30,2016	27	28	3	30	2	17
3059	Wed.Jul27,2016	34	12	7	5	42	23
3058	Sat.Jul23,2016	44	7	23	30	36	2
3057	Wed.Jul20,2016	6	3	20	15	34	15
3056	Sat.Jul16,2016	43	5	31	39	24	24
3055	Wed.Jul13,2016	24	14	27	8	13	1
3054	Sat.Jul09,2016	25	43	18	13	37	16
3053	Wed.Jul06,2016	29	46	17	45	21	24
3052	Sat.Jul02,2016	39	40	12	23	25	3
3051	Wed.Jun29,2016	28	37	10	25	39	21
3050	Sat.Jun25,2016	39	45	28	23	7	18
3049	Wed.Jun22,2016	6	33	28	26	12	24
3048	Sat.Jun18,2016	17	19	8	39	13	5
3047	Wed.Jun15,2016	38	15	46	43	21	5
3046	Sat.Jun11,2016	31	40	2	10	25	12
3045	Wed.Jun08,2016	22	14	32	2	19	10
3044	Sat.Jun04,2016	8	45	27	35	11	3
3043	Wed.Jun01,2016	36	2	25	22	34	12
3042	Sat.May28,2016	11	32	4	10	33	23
3041	Wed.May25,2016	4	16	9	6	47	10
3040	Sat.May21,2016	34	8	44	12	27	15
3039	Wed.May18,2016	4	37	19	42	40	13
3038	Sat.May14,2016	30	3	40	27	4	17
3037	Wed.May11,2016	24	8	32	31	43	17
3036	Sat.May07,2016	18	38	6	14	20	10
3035	Wed.May04,2016	39	15	8	1	13	19
3034	Sat.Apr30,2016	16	13	29	38	24	18
3033	Wed.Apr27,2016	7	26	34	43	31	8
3032	Sat.Apr23,2016	33	16	26	39	28	8
3031	Wed.Apr20,2016	35	14	25	2	27	20
3030	Sat.Apr16,2016	36	29	32	22	43	17
3029	Wed.Apr13,2016	22	31	46	14	25	9
3028	Sat.Apr09,2016	42	16	36	18	40	7
3027	Wed.Apr06,2016	22	45	14	12	32	18
3026	Sat.Apr02,2016	10	5	43	47	3	6
3025	Wed.Mar30,2016	39	33	22	24	28	24
3024	Sat.Mar26,2016	12	13	33	3	26	18
3023	Wed.Mar23,2016	38	43	47	5	23	27
3022	Sat.Mar19,2016	24	19	17	33	2	22
3021	Wed.Mar16,2016	15	19	37	22	46	10
3020	Sat.Mar12,2016	36	2	34	27	16	12
3019	Wed.Mar09,2016	41	17	24	2	31	15
3018	Sat.Mar05,2016	5	4	21	10	8	6
3017	Wed.Mar02,2016	19	42	9	10	18	24
3016	Sat.Feb27,2016	10	47	2	28	8	10
3015	Wed.Feb24,2016	16	11	6	43	42	10
3014	Sat.Feb20,2016	24	31	36	34	22	3
3013	Wed.Feb17,2016	38	44	28	26	21	1
3012	Sat.Feb13,2016	25	9	44	45	13	5
3011	Wed.Feb10,2016	8	24	12	30	3	1
3010	Sat.Feb06,2016	20	45	29	37	4	23
3009	Wed.Feb03,2016	11	14	21	32	47	11
3008	Sat.Jan30,2016	38	31	36	2	33	17
3007	Wed.Jan27,2016	33	12	43	36	29	10
3006	Sat.Jan23,2016	22	14	32	12	30	12
3005	Wed.Jan20,2016	3	38	18	14	25	22
3004	Sat.Jan16,2016	10	26	11	47	28	9
3003	Wed.Jan13,2016	13	40	12	45	35	24
3002	Sat.Jan09,2016	24	36	12	25	5	4
3001	Wed.Jan06,2016	35	9	15	2	37	18
3000	Sat.Jan02,2016	43	10	21	29	39	24
2999	Wed.Dec30,2015	3	4	6	26	25	22
2998	Sat.Dec26,2015	37	25	47	3	4	11
2997	Wed.Dec23,2015	11	19	47	9	6	5
2996	Sat.Dec19,2015	4	27	17	31	25	14
2995	Wed.Dec16,2015	2	13	1	7	23	11
2994	Sat.Dec12,2015	11	24	42	12	22	27
2993	Wed.Dec09,2015	40	7	13	11	47	22
2992	Sat.Dec05,2015	37	9	30	44	46	8
2991	Wed.Dec02,2015	1	24	32	42	36	14
2990	Sat.Nov28,2015	16	9	31	21	20	1
2989	Wed.Nov25,2015	24	39	20	25	12	3
2988	Sat.Nov21,2015	38	47	15	19	7	25
2987	Wed.Nov18,2015	34	13	37	21	41	2
2986	Sat.Nov14,2015	35	17	18	42	2	1
2985	Wed.Nov11,2015	44	36	22	5	9	12
2984	Sat.Nov07,2015	10	42	26	5	32	10
2983	Wed.Nov04,2015	38	29	10	4	18	24
2982	Sat.Oct31,2015	32	38	35	44	25	3
2981	Wed.Oct28,2015	7	12	20	9	34	5
2980	Sat.Oct24,2015	28	1	15	45	12	27
2979	Wed.Oct21,2015	16	27	13	19	5	9
2978	Sat.Oct17,2015	14	36	32	21	12	14
2977	Wed.Oct14,2015	25	30	13	43	11	4
2976	Sat.Oct10,2015	37	34	28	33	21	17
2975	Wed.Oct07,2015	12	11	28	4	41	22
2974	Sat.Oct03,2015	16	43	2	12	17	22
2973	Wed.Sep30,2015	32	31	13	6	15	26
2972	Sat.Sep26,2015	45	44	25	4	15	2
2971	Wed.Sep23,2015	26	17	44	25	30	16
2970	Sat.Sep19,2015	47	30	17	21	27	24
2969	Wed.Sep16,2015	35	8	6	21	34	25
2968	Sat.Sep12,2015	4	33	15	10	46	15
2967	Wed.Sep09,2015	18	21	15	9	22	26
2966	Sat.Sep05,2015	44	47	22	39	4	9
2965	Wed.Sep02,2015	36	17	38	40	23	8
2964	Sat.Aug29,2015	39	20	43	6	32	16
2963	Wed.Aug26,2015	31	28	47	19	39	17
2962	Sat.Aug22,2015	6	33	9	42	31	13
2961	Wed.Aug19,2015	23	42	31	45	5	6
2960	Sat.Aug15,2015	14	30	45	21	27	3
2959	Wed.Aug12,2015	13	43	44	29	40	12
2958	Sat.Aug08,2015	46	1	33	30	16	24
2957	Wed.Aug05,2015	29	10	16	26	15	27
2956	Sat.Aug01,2015	6	3	1	17	28	2
2955	Wed.Jul29,2015	15	13	36	35	33	15
2954	Sat.Jul25,2015	9	24	21	19	45	27
2953	Wed.Jul22,2015	36	34	3	1	35	24
2952	Sat.Jul18,2015	31	4	24	43	22	1
2951	Wed.Jul15,2015	11	26	17	44	1	18
2950	Sat.Jul11,2015	33	34	18	39	23	10
2949	Wed.Jul08,2015	6	41	34	45	25	10
2948	Sat.Jul04,2015	19	17	30	23	43	6
2947	Wed.Jul01,2015	7	29	34	37	14	10
2946	Sat.Jun27,2015	35	16	1	21	5	13
2945	Wed.Jun24,2015	29	44	30	27	37	8
2944	Sat.Jun20,2015	34	4	33	12	31	14
2943	Wed.Jun17,2015	33	37	20	7	32	9
2942	Sat.Jun13,2015	33	38	15	41	14	27
2941	Wed.Jun10,2015	47	1	44	43	39	10
2940	Sat.Jun06,2015	16	39	42	22	23	25
2939	Wed.Jun03,2015	18	17	7	29	40	13
2938	Sat.May30,2015	47	31	11	25	34	16
2937	Wed.May27,2015	42	35	33	43	27	18
2936	Sat.May23,2015	11	12	46	17	19	26
2935	Wed.May20,2015	22	1	4	11	29	20
2934	Sat.May16,2015	42	39	5	22	2	3
2933	Wed.May13,2015	12	18	43	38	28	20
2932	Sat.May09,2015	44	24	8	47	41	23
2931	Wed.May06,2015	11	14	43	40	35	9
2930	Sat.May02,2015	23	31	36	34	45	4
2929	Wed.Apr29,2015	24	47	5	34	25	3
2928	Sat.Apr25,2015	15	40	10	47	4	11
2927	Wed.Apr22,2015	42	7	39	11	35	18
2926	Sat.Apr18,2015	22	7	45	38	36	7
2925	Wed.Apr15,2015	38	3	14	6	5	10
2924	Sat.Apr11,2015	27	13	16	42	6	4
2923	Wed.Apr08,2015	20	9	26	27	47	26
2922	Sat.Apr04,2015	20	4	27	36	1	15
2921	Wed.Apr01,2015	46	34	12	6	2	27
2920	Sat.Mar28,2015	24	41	29	9	7	27
2919	Wed.Mar25,2015	47	5	25	3	10	7
2918	Sat.Mar21,2015	2	28	21	39	45	4
2917	Wed.Mar18,2015	3	15	12	26	1	19
2916	Sat.Mar14,2015	22	18	13	37	17	24
2915	Wed.Mar11,2015	7	32	44	47	28	4
2914	Sat.Mar07,2015	19	15	43	46	22	7
2913	Wed.Mar04,2015	23	39	36	15	32	20
2912	Sat.Feb28,2015	33	18	36	34	45	17
2911	Wed.Feb25,2015	29	11	36	35	39	10
2910	Sat.Feb21,2015	13	31	21	18	38	21
2909	Wed.Feb18,2015	29	44	32	28	24	2
2908	Sat.Feb14,2015	31	9	8	22	18	27
2907	Wed.Feb11,2015	43	10	46	26	38	24
2906	Sat.Feb07,2015	6	29	20	23	24	25
2905	Wed.Feb04,2015	19	2	45	12	1	8
2904	Sat.Jan31,2015	20	19	36	32	3	11
2903	Wed.Jan28,2015	46	36	2	10	43	23
2902	Sat.Jan24,2015	1	23	30	15	24	7
2901	Wed.Jan21,2015	27	26	39	15	4	3
2900	Sat.Jan17,2015	14	42	19	32	29	27
2899	Wed.Jan14,2015	19	5	36	16	14	23
2898	Sat.Jan10,2015	1	5	30	16	24	7
2897	Wed.Jan07,2015	11	30	38	19	36	7
2896	Sat.Jan03,2015	28	15	14	6	44	26
2895	Wed.Dec31,2014	15	8	29	35	45	18
2894	Sat.Dec27,2014	7	3	29	19	32	26
2893	Wed.Dec24,2014	22	6	3	8	38	26
2892	Sat.Dec20,2014	7	5	21	33	31	12
2891	Wed.Dec17,2014	26	21	6	7	14	22
2890	Sat.Dec13,2014	42	19	7	25	3	5
2889	Wed.Dec10,2014	39	1	13	25	3	8
2888	Sat.Dec06,2014	20	38	30	44	45	20
2887	Wed.Dec03,2014	19	23	47	9	37	23
2886	Sat.Nov29,2014	47	37	5	30	45	21
2885	Wed.Nov26,2014	3	20	28	10	32	12
2884	Sat.Nov22,2014	2	9	18	4	8	2
2883	Wed.Nov19,2014	47	8	29	43	37	23
2882	Sat.Nov15,2014	41	34	4	43	7	25
2881	Wed.Nov12,2014	10	47	34	36	20	21
2880	Sat.Nov08,2014	32	21	24	19	25	18
2879	Wed.Nov05,2014	26	24	15	21	1	26
2878	Sat.Nov01,2014	42	24	12	21	3	7
2877	Wed.Oct29,2014	12	38	41	13	32	16
2876	Sat.Oct25,2014	1	22	18	44	38	26
2875	Wed.Oct22,2014	32	33	25	2	20	26
2874	Sat.Oct18,2014	23	12	15	40	9	16
2873	Wed.Oct15,2014	8	18	2	33	22	13
2872	Sat.Oct11,2014	3	18	6	5	15	21
2871	Wed.Oct08,2014	42	34	44	14	1	21
2870	Sat.Oct04,2014	12	35	8	33	27	27
2869	Wed.Oct01,2014	7	6	2	15	37	10
2868	Sat.Sep27,2014	3	1	6	47	42	1
2867	Wed.Sep24,2014	23	28	42	33	17	1
2866	Sat.Sep20,2014	38	2	12	15	7	3
2865	Wed.Sep17,2014	13	39	46	6	7	18
2864	Sat.Sep13,2014	37	36	41	47	38	5
2863	Wed.Sep10,2014	10	12	15	46	31	23
2862	Sat.Sep06,2014	23	36	33	6	41	14
2861	Wed.Sep03,2014	26	41	18	12	21	10
2860	Sat.Aug30,2014	9	46	32	31	15	14
2859	Wed.Aug27,2014	6	33	1	29	2	14
2858	Sat.Aug23,2014	38	13	43	23	25	23
2857	Wed.Aug20,2014	36	11	9	18	14	25
2856	Sat.Aug16,2014	13	22	27	28	12	3
2855	Wed.Aug13,2014	20	14	18	27	46	18
2854	Sat.Aug09,2014	16	33	13	14	8	4
2853	Wed.Aug06,2014	2	37	32	29	38	26
2852	Sat.Aug02,2014	16	22	27	6	32	3
2851	Wed.Jul30,2014	11	25	4	40	33	6
2850	Sat.Jul26,2014	16	26	31	22	36	13
2849	Wed.Jul23,2014	2	36	37	9	33	12
2848	Sat.Jul19,2014	18	26	7	15	39	19
2847	Wed.Jul16,2014	3	34	14	6	5	17
2846	Sat.Jul12,2014	18	15	11	23	28	12
2845	Wed.Jul09,2014	20	7	30	34	45	15
2844	Sat.Jul05,2014	3	12	26	27	11	10
2843	Wed.Jul02,2014	34	46	16	44	42	9
2842	Sat.Jun28,2014	18	27	38	29	42	24
2841	Wed.Jun25,2014	15	4	45	40	33	4
2840	Sat.Jun21,2014	29	18	39	16	13	3
2839	Wed.Jun18,2014	1	31	34	47	32	10
2838	Sat.Jun14,2014	42	20	5	29	16	5
2837	Wed.Jun11,2014	15	25	38	3	23	7
2836	Sat.Jun07,2014	8	1	40	25	3	8
2835	Wed.Jun04,2014	47	7	11	37	24	1
2834	Sat.May31,2014	41	44	8	15	4	2
2833	Wed.May28,2014	14	36	41	19	4	3
2832	Sat.May24,2014	13	11	23	27	29	10
2831	Wed.May21,2014	36	39	44	12	6	2
2830	Sat.May17,2014	4	27	20	24	2	10
2829	Wed.May14,2014	33	15	28	8	12	26
2828	Sat.May10,2014	31	20	25	21	14	25
2827	Wed.May07,2014	4	39	16	27	6	10
2826	Sat.May03,2014	5	31	9	46	25	26
2825	Wed.Apr30,2014	14	22	28	7	16	20
2824	Sat.Apr26,2014	24	15	16	29	35	6
2823	Wed.Apr23,2014	36	19	2	18	25	10
2822	Sat.Apr19,2014	32	5	30	46	31	7
2821	Wed.Apr16,2014	16	11	38	39	23	20
2820	Sat.Apr12,2014	12	2	38	27	20	5
2819	Wed.Apr09,2014	35	46	5	13	1	14
2818	Sat.Apr05,2014	33	29	41	13	2	19
2817	Wed.Apr02,2014	8	37	7	23	42	23
2816	Sat.Mar29,2014	20	24	12	30	42	7
2815	Wed.Mar26,2014	8	37	3	46	26	18
2814	Sat.Mar22,2014	8	38	41	30	35	27
2813	Wed.Mar19,2014	3	28	20	9	13	24
2812	Sat.Mar15,2014	10	20	21	36	23	7
2811	Wed.Mar12,2014	42	33	25	4	23	15
2810	Sat.Mar08,2014	45	16	46	1	26	5
2809	Wed.Mar05,2014	6	33	43	44	32	16
2808	Sat.Mar01,2014	35	4	30	20	10	13
2807	Wed.Feb26,2014	5	23	20	17	7	23
2806	Sat.Feb22,2014	39	22	29	32	9	23
2805	Wed.Feb19,2014	10	15	31	24	22	1
2804	Sat.Feb15,2014	38	24	28	8	21	1
2803	Wed.Feb12,2014	39	32	28	10	19	18
2802	Sat.Feb08,2014	39	14	12	45	43	19
2801	Wed.Feb05,2014	34	39	40	47	45	18
2800	Sat.Feb01,2014	9	16	44	14	15	24
2799	Wed.Jan29,2014	29	33	9	17	5	1
2798	Sat.Jan25,2014	38	5	43	7	13	11
2797	Wed.Jan22,2014	44	1	42	31	7	24
2796	Sat.Jan18,2014	23	25	16	35	47	13
2795	Wed.Jan15,2014	43	21	46	34	9	21
2794	Sat.Jan11,2014	9	43	35	5	11	4
2793	Wed.Jan08,2014	16	21	37	26	17	2
2792	Sat.Jan04,2014	1	35	14	47	10	11
2791	Wed.Jan01,2014	9	19	3	42	24	16
2790	Sat.Dec28,2013	33	27	23	4	28	16
2789	Wed.Dec25,2013	26	33	40	8	23	14
2788	Sat.Dec21,2013	46	47	43	2	32	7
2787	Wed.Dec18,2013	24	16	17	33	14	2
2786	Sat.Dec14,2013	10	22	12	31	18	2
2785	Wed.Dec11,2013	18	2	36	27	37	6
2784	Sat.Dec07,2013	47	17	37	3	23	22
2783	Wed.Dec04,2013	24	28	43	46	7	13
2782	Sat.Nov30,2013	2	11	13	16	22	23
2781	Wed.Nov27,2013	30	6	41	7	43	11
2780	Sat.Nov23,2013	17	47	32	22	9	3
2779	Wed.Nov20,2013	29	1	26	3	37	6
2778	Sat.Nov16,2013	29	19	18	45	27	15
2777	Wed.Nov13,2013	34	1	9	46	13	13
2776	Sat.Nov09,2013	41	7	46	14	34	1
2775	Wed.Nov06,2013	4	43	3	8	13	6
2774	Sat.Nov02,2013	15	2	32	23	39	12
2773	Wed.Oct30,2013	12	33	47	3	44	22
2772	Sat.Oct26,2013	33	25	35	11	41	10
2771	Wed.Oct23,2013	28	35	16	45	4	1
2770	Sat.Oct19,2013	21	33	38	41	4	6
2769	Wed.Oct16,2013	19	40	47	32	9	6
2768	Sat.Oct12,2013	7	43	13	5	31	20
2767	Wed.Oct09,2013	32	38	43	1	33	16
2766	Sat.Oct05,2013	47	46	33	13	22	24
2765	Wed.Oct02,2013	37	23	30	38	45	22
2764	Sat.Sep28,2013	46	22	29	44	6	9
2763	Wed.Sep25,2013	14	22	26	5	25	8
2762	Sat.Sep21,2013	25	36	15	46	10	18
2761	Wed.Sep18,2013	25	10	4	41	7	10
2760	Sat.Sep14,2013	7	15	33	17	35	22
2759	Wed.Sep11,2013	14	40	5	3	46	2
2758	Sat.Sep07,2013	28	35	25	47	45	20
2757	Wed.Sep04,2013	37	45	19	12	22	15
2756	Sat.Aug31,2013	4	24	47	18	33	1
2755	Wed.Aug28,2013	9	47	40	44	25	15
2754	Sat.Aug24,2013	1	40	45	15	35	23
2753	Wed.Aug21,2013	36	41	43	29	17	17
2752	Sat.Aug17,2013	8	37	21	5	19	12
2751	Wed.Aug14,2013	1	15	43	7	31	3
2750	Sat.Aug10,2013	44	46	7	5	14	27
2749	Wed.Aug07,2013	45	29	21	31	35	2
2748	Sat.Aug03,2013	39	32	12	47	46	5
2747	Wed.Jul31,2013	29	41	32	17	15	23
2746	Sat.Jul27,2013	18	20	40	30	42	15
2745	Wed.Jul24,2013	37	22	47	34	10	23
2744	Sat.Jul20,2013	33	34	10	13	27	23
2743	Wed.Jul17,2013	17	37	12	25	22	24
2742	Sat.Jul13,2013	25	2	6	1	40	19
2741	Wed.Jul10,2013	2	1	38	3	28	21
2740	Sat.Jul06,2013	45	18	2	20	21	24
2739	Wed.Jul03,2013	47	40	36	35	14	6
2738	Sat.Jun29,2013	44	41	6	26	30	8
2737	Wed.Jun26,2013	26	31	4	36	20	22
2736	Sat.Jun22,2013	34	25	27	9	23	12
2735	Wed.Jun19,2013	36	32	3	34	5	20
2734	Sat.Jun15,2013	47	30	41	33	44	7
2733	Wed.Jun12,2013	42	38	30	43	41	22
2732	Sat.Jun08,2013	38	23	10	43	30	8
2731	Wed.Jun05,2013	35	28	5	8	39	8
2730	Sat.Jun01,2013	6	9	25	10	45	4
2729	Wed.May29,2013	37	44	12	36	47	13
2728	Sat.May25,2013	25	12	11	32	2	26
2727	Wed.May22,2013	47	24	19	45	32	14
2726	Sat.May18,2013	30	7	12	40	47	16
2725	Wed.May15,2013	17	46	13	18	33	7
2724	Sat.May11,2013	32	39	30	31	34	6
2723	Wed.May08,2013	27	28	9	47	34	6
2722	Sat.May04,2013	15	11	13	17	26	26
2721	Wed.May01,2013	16	9	18	14	19	24
2720	Sat.Apr27,2013	39	36	21	32	40	25
2719	Wed.Apr24,2013	5	33	25	46	32	26
2718	Sat.Apr20,2013	32	15	3	39	26	6
2717	Wed.Apr17,2013	5	1	23	29	3	15
2716	Sat.Apr13,2013	12	41	14	29	39	26
2715	Wed.Apr10,2013	37	18	41	42	9	3
2714	Sat.Apr06,2013	21	32	37	20	41	22
2713	Wed.Apr03,2013	25	21	15	31	44	27
2712	Sat.Mar30,2013	37	5	22	43	28	19
2711	Wed.Mar27,2013	4	44	36	10	29	17
2710	Sat.Mar23,2013	4	46	11	26	21	6
2709	Wed.Mar20,2013	8	26	13	22	11	18
2708	Sat.Mar16,2013	28	35	23	14	30	24
2707	Wed.Mar13,2013	34	42	40	23	22	9
2706	Sat.Mar09,2013	11	36	47	3	21	7
2705	Wed.Mar06,2013	22	2	1	34	3	8
2704	Sat.Mar02,2013	26	43	44	10	5	16
2703	Wed.Feb27,2013	39	6	15	5	12	18
2702	Sat.Feb23,2013	28	44	32	8	43	11
2701	Wed.Feb20,2013	35	37	32	8	14	4
2700	Sat.Feb16,2013	13	14	45	35	19	20
2699	Wed.Feb13,2013	16	32	20	17	36	10
2698	Sat.Feb09,2013	16	40	47	32	35	24
2697	Wed.Feb06,2013	12	1	32	41	8	21
2696	Sat.Feb02,2013	15	12	17	7	37	25
2695	Wed.Jan30,2013	35	7	37	36	22	4
2694	Sat.Jan26,2013	4	23	24	10	44	23
2693	Wed.Jan23,2013	22	33	30	8	16	4
2692	Sat.Jan19,2013	43	28	5	10	26	9
2691	Wed.Jan16,2013	37	26	32	30	45	16
2690	Sat.Jan12,2013	39	11	27	10	34	27
2689	Wed.Jan09,2013	8	18	45	40	3	26
2688	Sat.Jan05,2013	43	15	2	14	37	23
2687	Wed.Jan02,2013	22	4	24	29	6	18
2686	Sat.Dec29,2012	20	9	6	33	28	19
2685	Wed.Dec26,2012	2	37	33	9	24	1
2684	Sat.Dec22,2012	39	12	20	32	7	20
2683	Wed.Dec19,2012	45	28	9	11	6	7
2682	Sat.Dec15,2012	11	24	26	28	15	10
2681	Wed.Dec12,2012	44	47	36	41	1	10
2680	Sat.Dec08,2012	24	30	33	17	45	22
2679	Wed.Dec05,2012	17	30	11	15	37	11
2678	Sat.Dec01,2012	17	32	18	4	46	24
2677	Wed.Nov28,2012	21	2	9	13	46	23
2676	Sat.Nov24,2012	42	11	26	12	2	7
2675	Wed.Nov21,2012	7	2	1	47	19	14
2674	Sat.Nov17,2012	26	16	8	9	22	15
2673	Wed.Nov14,2012	32	11	15	31	25	18
2672	Sat.Nov10,2012	46	14	12	32	22	24
2671	Wed.Nov07,2012	25	46	13	40	29	21
2670	Sat.Nov03,2012	11	36	20	39	14	11
2669	Wed.Oct31,2012	29	16	31	9	40	20
2668	Sat.Oct27,2012	38	36	14	5	47	18
2667	Wed.Oct24,2012	42	41	20	36	26	16
2666	Sat.Oct20,2012	43	20	27	22	26	16
2665	Wed.Oct17,2012	25	42	4	40	19	3
2664	Sat.Oct13,2012	5	25	4	43	45	25
2663	Wed.Oct10,2012	40	44	47	21	35	11
2662	Sat.Oct06,2012	3	17	15	9	31	25
2661	Wed.Oct03,2012	12	13	8	36	29	10
2660	Sat.Sep29,2012	30	27	4	3	39	3
2659	Wed.Sep26,2012	38	31	13	44	18	25
2658	Sat.Sep22,2012	28	7	34	13	4	4
2657	Wed.Sep19,2012	5	39	11	28	34	15
2656	Sat.Sep15,2012	19	7	36	6	1	16
2655	Wed.Sep12,2012	23	41	14	8	7	13
2654	Sat.Sep08,2012	4	22	6	47	29	27
2653	Wed.Sep05,2012	12	10	5	29	20	25
2652	Sat.Sep01,2012	42	47	17	31	14	13
2651	Wed.Aug29,2012	32	19	34	42	26	1
2650	Sat.Aug25,2012	4	15	11	38	7	4
2649	Wed.Aug22,2012	40	22	34	4	11	9
2648	Sat.Aug18,2012	43	18	42	19	4	25
2647	Wed.Aug15,2012	39	18	2	24	23	5
2646	Sat.Aug11,2012	40	19	43	39	6	24
2645	Wed.Aug08,2012	43	36	6	22	31	18
2644	Sat.Aug04,2012	5	28	44	43	18	24
2643	Wed.Aug01,2012	36	11	2	40	45	13
2642	Sat.Jul28,2012	19	14	40	36	22	3
2641	Wed.Jul25,2012	3	44	8	17	20	23
2640	Sat.Jul21,2012	8	24	23	19	30	23
2639	Wed.Jul18,2012	19	16	18	38	29	9
2638	Sat.Jul14,2012	2	6	12	19	8	23
2637	Wed.Jul11,2012	39	43	40	21	12	26
2636	Sat.Jul07,2012	27	41	42	7	46	1
2635	Wed.Jul04,2012	1	37	33	8	22	7
2634	Sat.Jun30,2012	23	32	4	39	22	23
2633	Wed.Jun27,2012	38	19	42	4	44	19
2632	Sat.Jun23,2012	3	22	2	25	10	7
2631	Wed.Jun20,2012	25	7	4	16	9	17
2630	Sat.Jun16,2012	5	43	36	42	37	24
2629	Wed.Jun13,2012	4	1	11	13	44	16
2628	Sat.Jun09,2012	40	18	22	2	28	10
2627	Wed.Jun06,2012	21	23	18	42	4	26
2626	Sat.Jun02,2012	20	15	40	1	30	13
2625	Wed.May30,2012	14	7	26	31	23	5
2624	Sat.May26,2012	40	45	11	44	17	23
2623	Wed.May23,2012	26	34	7	30	19	13
2622	Sat.May19,2012	15	13	46	4	26	2
2621	Wed.May16,2012	17	9	35	15	24	18
2620	Sat.May12,2012	35	30	10	24	26	6
2619	Wed.May09,2012	21	31	47	2	43	27
2618	Sat.May05,2012	37	25	29	28	42	18
2617	Wed.May02,2012	43	11	18	6	32	26
2616	Sat.Apr28,2012	21	7	20	12	40	11
2615	Wed.Apr25,2012	19	15	12	28	20	21
2614	Sat.Apr21,2012	37	30	20	41	9	5
2613	Wed.Apr18,2012	7	29	8	10	5	16
2612	Sat.Apr14,2012	45	3	19	1	36	8
2611	Wed.Apr11,2012	17	41	15	13	29	10
2610	Sat.Apr07,2012	45	9	47	25	16	5
2609	Wed.Apr04,2012	30	21	7	28	26	10
2608	Sat.Mar31,2012	15	12	2	47	25	13
2607	Wed.Mar28,2012	34	17	41	23	43	11
2606	Sat.Mar24,2012	19	24	8	36	26	25
2605	Wed.Mar21,2012	31	42	40	8	21	2
2604	Sat.Mar17,2012	13	25	37	20	2	15
2603	Wed.Mar14,2012	32	33	34	45	28	21
2602	Sat.Mar10,2012	40	14	28	35	24	19
2601	Wed.Mar07,2012	11	21	34	30	18	6
2600	Sat.Mar03,2012	2	18	7	6	4	8
2599	Wed.Feb29,2012	17	11	24	47	13	10
2598	Sat.Feb25,2012	22	8	15	12	2	12
2597	Wed.Feb22,2012	34	37	1	39	41	10
2596	Sat.Feb18,2012	42	19	1	41	32	11
2595	Wed.Feb15,2012	5	3	37	16	25	16
2594	Sat.Feb11,2012	1	34	18	2	43	27
2593	Wed.Feb08,2012	38	36	26	11	24	13
2592	Sat.Feb04,2012	33	8	25	45	12	5
2591	Wed.Feb01,2012	39	19	46	13	2	26
2590	Sat.Jan28,2012	33	37	15	34	10	8
2589	Wed.Jan25,2012	33	43	1	30	46	9
2588	Sat.Jan21,2012	16	23	18	46	40	4
2587	Wed.Jan18,2012	25	2	13	32	45	23
2586	Sat.Jan14,2012	29	38	4	8	25	13
2585	Wed.Jan11,2012	12	2	11	5	30	24
2584	Sat.Jan07,2012	35	16	2	5	31	14
2583	Wed.Jan04,2012	41	15	30	45	34	20
2582	Sat.Dec31,2011	16	46	1	27	33	25
2581	Wed.Dec28,2011	22	42	31	12	28	2
2580	Sat.Dec24,2011	37	12	43	15	42	8
2579	Wed.Dec21,2011	21	38	44	43	8	24
2578	Sat.Dec17,2011	23	29	37	17	46	17
2577	Wed.Dec14,2011	33	7	44	42	27	24
2576	Sat.Dec10,2011	7	47	32	31	15	24
2575	Wed.Dec07,2011	34	37	1	42	2	9
2574	Sat.Dec03,2011	34	19	1	12	29	12
2573	Wed.Nov30,2011	22	6	32	4	45	8
2572	Sat.Nov26,2011	28	38	15	33	16	23
2571	Wed.Nov23,2011	13	6	45	31	30	2
2570	Sat.Nov19,2011	21	33	4	39	18	7
2569	Wed.Nov16,2011	26	23	42	38	22	3
2568	Sat.Nov12,2011	25	22	28	43	21	12
2567	Wed.Nov09,2011	41	2	17	33	35	9
2566	Sat.Nov05,2011	8	16	10	3	22	11
2565	Wed.Nov02,2011	22	27	7	32	2	12
2564	Sat.Oct29,2011	39	5	7	47	46	6
2563	Wed.Oct26,2011	15	20	40	25	41	20
2562	Sat.Oct22,2011	34	27	45	39	21	22
2561	Wed.Oct19,2011	33	37	29	13	40	9
2560	Sat.Oct15,2011	25	2	32	18	46	15
2559	Wed.Oct12,2011	44	47	28	35	2	21
2558	Sat.Oct08,2011	27	45	35	46	32	21
2557	Wed.Oct05,2011	29	37	15	25	30	26
2556	Sat.Oct01,2011	15	5	13	3	21	9
2555	Wed.Sep28,2011	24	29	44	6	13	3
2554	Sat.Sep24,2011	8	29	43	14	2	24
2553	Wed.Sep21,2011	26	35	31	45	4	4
2552	Sat.Sep17,2011	14	37	12	16	7	14
2551	Wed.Sep14,2011	15	18	36	32	9	27
2550	Sat.Sep10,2011	15	34	11	7	20	2
2549	Wed.Sep07,2011	34	15	7	41	42	8
2548	Sat.Sep03,2011	47	42	13	30	39	5
2547	Wed.Aug31,2011	22	27	32	31	2	11
2546	Sat.Aug27,2011	7	21	17	25	6	8
2545	Wed.Aug24,2011	35	34	24	32	12	23
2544	Sat.Aug20,2011	42	16	45	31	6	6
2543	Wed.Aug17,2011	14	17	20	44	34	18
2542	Sat.Aug13,2011	42	28	17	7	9	7
2541	Wed.Aug10,2011	40	31	16	19	2	10
2540	Sat.Aug06,2011	12	30	20	38	40	7
2539	Wed.Aug03,2011	1	19	46	21	25	23
2538	Sat.Jul30,2011	10	14	38	47	29	8
2537	Wed.Jul27,2011	16	15	4	42	6	16
2536	Sat.Jul23,2011	6	13	1	47	45	16
2535	Wed.Jul20,2011	23	18	25	13	19	20
2534	Sat.Jul16,2011	28	29	9	10	33	26
2533	Wed.Jul13,2011	36	3	21	13	25	1
2532	Sat.Jul09,2011	21	4	27	5	23	23
2531	Wed.Jul06,2011	7	5	18	33	11	25
2530	Sat.Jul02,2011	15	4	41	35	6	19
2529	Wed.Jun29,2011	2	43	15	5	28	11
2528	Sat.Jun25,2011	16	9	27	34	45	21
2527	Wed.Jun22,2011	28	24	16	27	1	19
2526	Sat.Jun18,2011	4	20	36	47	45	20
2525	Wed.Jun15,2011	27	20	6	19	21	23
2524	Sat.Jun11,2011	1	27	36	34	24	17
2523	Wed.Jun08,2011	24	41	14	1	3	11
2522	Sat.Jun04,2011	28	41	43	33	20	24
2521	Wed.Jun01,2011	10	1	15	24	45	24
2520	Sat.May28,2011	16	7	6	32	35	20
2519	Wed.May25,2011	46	9	43	36	2	3
2518	Sat.May21,2011	16	38	26	3	11	6
2517	Wed.May18,2011	34	6	39	30	15	6
2516	Sat.May14,2011	47	17	2	31	11	12
2515	Wed.May11,2011	31	39	27	34	4	8
2514	Sat.May07,2011	26	46	15	4	25	20
2513	Wed.May04,2011	19	6	15	45	8	25
2512	Sat.Apr30,2011	33	18	24	4	35	15
2511	Wed.Apr27,2011	12	4	33	22	39	7
2510	Sat.Apr23,2011	33	41	26	16	13	22
2509	Wed.Apr20,2011	24	6	31	27	13	8
2508	Sat.Apr16,2011	35	21	25	26	7	3
2507	Wed.Apr13,2011	29	42	27	13	22	25
2506	Sat.Apr09,2011	30	42	15	25	46	21
2505	Wed.Apr06,2011	6	17	26	16	44	5
2504	Sat.Apr02,2011	35	30	5	10	43	1
2503	Wed.Mar30,2011	41	26	18	20	22	19
2502	Sat.Mar26,2011	19	18	29	40	11	18
2501	Wed.Mar23,2011	33	18	31	42	9	8
2500	Sat.Mar19,2011	32	28	1	45	27	1
2499	Wed.Mar16,2011	13	33	25	35	22	16
2498	Sat.Mar12,2011	26	45	25	33	11	13
2497	Wed.Mar09,2011	34	23	43	42	47	21
2496	Sat.Mar05,2011	21	22	45	33	15	15
2495	Wed.Mar02,2011	33	34	45	12	36	8
2494	Sat.Feb26,2011	9	47	41	21	23	8
2493	Wed.Feb23,2011	35	13	9	22	15	19
2492	Sat.Feb19,2011	7	6	12	30	19	10
2491	Wed.Feb16,2011	23	21	2	16	8	19
2490	Sat.Feb12,2011	30	42	33	31	11	8
2489	Wed.Feb09,2011	17	6	41	7	8	7
2488	Sat.Feb05,2011	34	9	7	12	44	2
2487	Wed.Feb02,2011	47	4	20	21	24	6
2486	Sat.Jan29,2011	41	25	43	20	45	3
2485	Wed.Jan26,2011	21	27	47	18	11	13
2484	Sat.Jan22,2011	35	45	2	24	19	12
2483	Wed.Jan19,2011	39	6	16	27	7	3
2482	Sat.Jan15,2011	15	41	45	29	28	17
2481	Wed.Jan12,2011	21	44	27	11	26	21
2480	Sat.Jan08,2011	38	13	10	19	8	22
2479	Wed.Jan05,2011	38	31	26	12	41	23
2478	Sat.Jan01,2011	9	5	34	32	19	14
2477	Wed.Dec29,2010	7	37	43	33	46	10
2476	Sat.Dec25,2010	20	1	25	42	41	25
2475	Wed.Dec22,2010	42	22	3	18	21	15
2474	Sat.Dec18,2010	25	11	10	33	12	21
2473	Wed.Dec15,2010	23	8	14	6	26	4
2472	Sat.Dec11,2010	22	3	4	44	32	8
2471	Wed.Dec08,2010	3	38	12	9	20	17
2470	Sat.Dec04,2010	28	8	32	37	44	24
2469	Wed.Dec01,2010	33	23	35	24	19	23
2468	Sat.Nov27,2010	18	17	24	37	7	5
2467	Wed.Nov24,2010	41	22	43	44	15	14
2466	Sat.Nov20,2010	30	46	35	11	47	15
2465	Wed.Nov17,2010	41	12	46	6	36	22
2464	Sat.Nov13,2010	4	41	10	31	30	21
2463	Wed.Nov10,2010	39	27	38	46	10	10
2462	Sat.Nov06,2010	15	44	10	45	27	15
2461	Wed.Nov03,2010	9	18	6	37	23	27
2460	Sat.Oct30,2010	30	25	9	46	31	7
2459	Wed.Oct27,2010	8	3	15	13	36	22
2458	Sat.Oct23,2010	13	3	16	25	15	11
2457	Wed.Oct20,2010	24	36	11	27	43	9
2456	Sat.Oct16,2010	8	9	33	19	30	1
2455	Wed.Oct13,2010	10	23	47	1	25	9
2454	Sat.Oct09,2010	35	17	8	31	11	7
2453	Wed.Oct06,2010	7	3	39	29	4	21
2452	Sat.Oct02,2010	20	34	25	32	24	11
2451	Wed.Sep29,2010	33	45	46	27	35	26
2450	Sat.Sep25,2010	36	44	13	2	41	20
2449	Wed.Sep22,2010	17	11	27	34	44	1
2448	Sat.Sep18,2010	27	11	42	10	45	9
2447	Wed.Sep15,2010	4	43	22	6	26	14
2446	Sat.Sep11,2010	35	10	31	2	45	24
2445	Wed.Sep08,2010	17	32	1	8	38	10
2444	Sat.Sep04,2010	30	21	45	12	15	23
2443	Wed.Sep01,2010	33	16	32	24	5	3
2442	Sat.Aug28,2010	41	39	36	20	11	3
2441	Wed.Aug25,2010	21	6	38	22	30	26
2440	Sat.Aug21,2010	21	16	23	31	13	15
2439	Wed.Aug18,2010	43	47	21	18	28	9
2438	Sat.Aug14,2010	12	40	36	8	24	12
2437	Wed.Aug11,2010	26	17	20	13	23	15
2436	Sat.Aug07,2010	45	36	8	38	9	17
2435	Wed.Aug04,2010	27	5	9	24	37	8
2434	Sat.Jul31,2010	13	47	6	43	37	15
2433	Wed.Jul28,2010	19	26	33	25	27	9
2432	Sat.Jul24,2010	18	13	9	15	25	12
2431	Wed.Jul21,2010	43	1	15	17	45	23
2430	Sat.Jul17,2010	24	12	20	18	16	7
2429	Wed.Jul14,2010	15	27	10	9	47	6
2428	Sat.Jul10,2010	21	33	13	26	23	11
2427	Wed.Jul07,2010	10	21	2	6	9	24
2426	Sat.Jul03,2010	32	9	29	25	13	9
2425	Wed.Jun30,2010	39	46	10	2	9	19
2424	Sat.Jun26,2010	26	14	9	5	29	25
2423	Wed.Jun23,2010	34	23	13	33	38	4
2422	Sat.Jun19,2010	35	10	47	40	22	26
2421	Wed.Jun16,2010	42	26	21	17	37	11
2420	Sat.Jun12,2010	22	3	35	32	24	7
2419	Wed.Jun09,2010	41	4	6	36	8	17
2418	Sat.Jun05,2010	34	4	28	11	42	26
2417	Wed.Jun02,2010	8	7	15	11	31	27
2416	Sat.May29,2010	17	38	29	13	34	4
2415	Wed.May26,2010	17	14	7	20	1	27
2414	Sat.May22,2010	30	12	22	46	9	24
2413	Wed.May19,2010	34	8	43	32	4	14
2412	Sat.May15,2010	38	3	9	12	13	26
2411	Wed.May12,2010	25	7	4	10	32	22
2410	Sat.May08,2010	47	43	19	4	18	5
2409	Wed.May05,2010	42	31	34	30	10	2
2408	Sat.May01,2010	25	5	3	41	24	7
2407	Wed.Apr28,2010	15	16	1	29	9	9
2406	Sat.Apr24,2010	25	27	39	6	15	17
2405	Wed.Apr21,2010	34	42	35	24	19	23
2404	Sat.Apr17,2010	9	17	47	31	7	16
2403	Wed.Apr14,2010	44	16	47	37	34	22
2402	Sat.Apr10,2010	40	22	42	25	31	16
2401	Wed.Apr07,2010	36	9	30	23	21	10
2400	Sat.Apr03,2010	18	42	22	12	1	18
2399	Wed.Mar31,2010	23	36	17	38	46	18
2398	Sat.Mar27,2010	11	29	16	41	46	11
2397	Wed.Mar24,2010	13	39	29	20	25	21
2396	Sat.Mar20,2010	37	27	14	36	35	5
2395	Wed.Mar17,2010	42	34	11	40	30	1
2394	Sat.Mar13,2010	20	43	15	24	9	2
2393	Wed.Mar10,2010	8	47	33	38	5	25
2392	Sat.Mar06,2010	33	22	42	41	19	17
2391	Wed.Mar03,2010	38	3	1	16	47	21
2390	Sat.Feb27,2010	9	14	5	39	47	27
2389	Wed.Feb24,2010	44	14	1	2	45	25
2388	Sat.Feb20,2010	24	20	45	19	21	13
2387	Wed.Feb17,2010	21	41	29	11	23	9
2386	Sat.Feb13,2010	7	11	1	46	39	11
2385	Wed.Feb10,2010	42	26	30	21	19	25
2384	Sat.Feb06,2010	37	29	19	36	41	20
2383	Wed.Feb03,2010	29	13	14	39	43	26
2382	Sat.Jan30,2010	12	47	44	14	4	18
2381	Wed.Jan27,2010	40	46	17	2	44	11
2380	Sat.Jan23,2010	25	45	35	6	39	23
2379	Wed.Jan20,2010	31	45	7	11	15	3
2378	Sat.Jan16,2010	33	26	44	29	42	22
2377	Wed.Jan13,2010	34	23	39	14	10	25
2376	Sat.Jan09,2010	40	36	7	13	29	22
2375	Wed.Jan06,2010	17	45	47	2	4	1
2374	Sat.Jan02,2010	19	9	4	41	24	9
2373	Wed.Dec30,2009	14	13	21	42	10	15
2372	Sat.Dec26,2009	20	8	21	19	41	3
2371	Wed.Dec23,2009	14	29	28	8	18	2
2370	Sat.Dec19,2009	19	37	44	40	30	6
2369	Wed.Dec16,2009	19	31	13	41	18	12
2368	Sat.Dec12,2009	30	5	32	6	3	17
2367	Wed.Dec09,2009	5	27	44	14	30	17
2366	Sat.Dec05,2009	42	44	5	30	29	20
2365	Wed.Dec02,2009	42	33	31	22	16	19
2364	Sat.Nov28,2009	12	33	17	42	26	20
2363	Wed.Nov25,2009	13	1	14	47	10	20
2362	Sat.Nov21,2009	34	43	35	30	28	2
2361	Wed.Nov18,2009	45	24	12	6	10	10
2360	Sat.Nov14,2009	37	33	38	47	15	16
2359	Wed.Nov11,2009	4	28	6	15	24	27
2358	Sat.Nov07,2009	39	44	34	6	10	1
2357	Wed.Nov04,2009	38	29	39	1	12	19
2356	Sat.Oct31,2009	6	15	10	18	23	22
2355	Wed.Oct28,2009	33	27	31	38	19	1
2354	Sat.Oct24,2009	11	1	26	32	10	10
2353	Wed.Oct21,2009	22	30	47	33	43	25
2352	Sat.Oct17,2009	36	47	6	8	3	13
2351	Wed.Oct14,2009	12	13	38	30	26	24
2350	Sat.Oct10,2009	11	6	2	16	43	12
2349	Wed.Oct07,2009	18	44	8	1	26	4
2348	Sat.Oct03,2009	25	45	13	29	46	5
2347	Wed.Sep30,2009	4	39	20	18	23	14
2346	Sat.Sep26,2009	13	47	34	7	39	3
2345	Wed.Sep23,2009	22	41	1	4	42	13
2344	Sat.Sep19,2009	46	17	6	44	33	18
2343	Wed.Sep16,2009	18	5	28	17	22	10
2342	Sat.Sep12,2009	5	24	47	30	41	15
2341	Wed.Sep09,2009	2	47	27	37	41	26
2340	Sat.Sep05,2009	33	5	25	17	2	18
2339	Wed.Sep02,2009	9	41	27	13	42	27
2338	Sat.Aug29,2009	13	37	6	14	36	12
2337	Wed.Aug26,2009	7	36	42	6	18	23
2336	Sat.Aug22,2009	32	26	6	5	16	22
2335	Wed.Aug19,2009	35	25	41	29	20	25
2334	Sat.Aug15,2009	7	9	47	25	29	24
2333	Wed.Aug12,2009	36	8	29	5	47	23
2332	Sat.Aug08,2009	23	44	31	46	40	10
2331	Wed.Aug05,2009	41	28	27	23	22	17
2330	Sat.Aug01,2009	39	6	26	13	18	24
2329	Wed.Jul29,2009	19	25	39	8	12	17
2328	Sat.Jul25,2009	47	12	36	20	4	13
2327	Wed.Jul22,2009	31	32	45	26	43	18
2326	Sat.Jul18,2009	24	34	10	23	40	20
2325	Wed.Jul15,2009	3	1	6	41	25	10
2324	Sat.Jul11,2009	21	18	12	28	24	26
2323	Wed.Jul08,2009	8	18	31	22	3	2
2322	Sat.Jul04,2009	1	6	11	17	33	13
2321	Wed.Jul01,2009	37	10	15	17	38	17
2320	Sat.Jun27,2009	42	25	27	15	7	24
2319	Wed.Jun24,2009	23	18	37	3	13	25
2318	Sat.Jun20,2009	40	23	16	41	35	12
2317	Wed.Jun17,2009	30	24	16	44	21	6
2316	Sat.Jun13,2009	44	6	11	29	31	1
2315	Wed.Jun10,2009	36	20	9	11	30	11
2314	Sat.Jun06,2009	37	31	29	12	47	3
2313	Wed.Jun03,2009	3	18	36	43	12	15
2312	Sat.May30,2009	47	39	23	22	31	3
2311	Wed.May27,2009	5	7	8	14	35	26
2310	Sat.May23,2009	38	7	23	39	15	21
2309	Wed.May20,2009	36	35	6	27	2	1
2308	Sat.May16,2009	27	5	19	42	36	27
2307	Wed.May13,2009	26	15	42	11	32	18
2306	Sat.May09,2009	43	42	26	7	6	1
2305	Wed.May06,2009	28	24	23	26	29	11
2304	Sat.May02,2009	38	20	29	1	34	27
2303	Wed.Apr29,2009	2	5	32	8	21	20
2302	Sat.Apr25,2009	6	46	40	26	36	19
2301	Wed.Apr22,2009	44	20	6	36	5	18
2300	Sat.Apr18,2009	35	41	18	29	13	19
2299	Wed.Apr15,2009	35	34	43	7	18	25
2298	Sat.Apr11,2009	4	2	34	12	46	16
2297	Wed.Apr08,2009	18	30	21	12	19	4
2296	Sat.Apr04,2009	8	21	46	18	41	24
2295	Wed.Apr01,2009	4	17	7	31	33	1
2294	Sat.Mar28,2009	30	12	27	14	29	27
2293	Wed.Mar25,2009	3	31	23	7	36	16
2292	Sat.Mar21,2009	45	34	38	7	28	6
2291	Wed.Mar18,2009	44	26	38	45	37	9
2290	Sat.Mar14,2009	43	31	22	45	36	16
2289	Wed.Mar11,2009	47	34	15	38	8	2
2288	Sat.Mar07,2009	17	46	39	34	40	4
2287	Wed.Mar04,2009	5	24	12	6	44	12
2286	Sat.Feb28,2009	8	16	29	28	21	1
2285	Wed.Feb25,2009	13	23	1	19	25	12
2284	Sat.Feb21,2009	30	27	32	38	25	2
2283	Wed.Feb18,2009	40	23	10	6	1	18
2282	Sat.Feb14,2009	29	15	26	40	42	25
2281	Wed.Feb11,2009	23	4	34	15	11	26
2280	Sat.Feb07,2009	23	24	44	14	25	18
2279	Wed.Feb04,2009	35	45	23	33	4	14
2278	Sat.Jan31,2009	35	43	34	4	38	17
2277	Wed.Jan28,2009	13	21	26	41	8	20
2276	Sat.Jan24,2009	5	29	25	22	35	7
2275	Wed.Jan21,2009	15	37	29	21	6	10
2274	Sat.Jan17,2009	8	17	26	20	38	19
2273	Wed.Jan14,2009	1	39	19	44	45	8
2272	Sat.Jan10,2009	38	25	31	29	30	25
2271	Wed.Jan07,2009	40	17	41	35	30	2
2270	Sat.Jan03,2009	37	44	5	14	47	25
2269	Wed.Dec31,2008	3	42	13	40	29	9
2268	Sat.Dec27,2008	38	19	14	32	22	1
2267	Wed.Dec24,2008	26	7	23	40	10	26
2266	Sat.Dec20,2008	15	10	46	47	16	22
2265	Wed.Dec17,2008	34	46	42	41	20	26
2264	Sat.Dec13,2008	20	32	45	25	22	12
2263	Wed.Dec10,2008	30	46	38	33	47	11
2262	Sat.Dec06,2008	26	29	15	45	37	22
2261	Wed.Dec03,2008	25	15	34	14	19	8
2260	Sat.Nov29,2008	32	6	36	21	4	3
2259	Wed.Nov26,2008	37	41	6	47	7	13
2258	Sat.Nov22,2008	1	17	21	20	12	25
2257	Wed.Nov19,2008	13	18	46	20	17	6
2256	Sat.Nov15,2008	18	29	39	27	8	23
2255	Wed.Nov12,2008	45	42	37	22	2	19
2254	Sat.Nov08,2008	47	16	35	7	40	24
2253	Wed.Nov05,2008	10	32	31	26	40	23
2252	Sat.Nov01,2008	28	3	38	11	30	12
2251	Wed.Oct29,2008	3	29	28	41	20	14
2250	Sat.Oct25,2008	25	43	45	24	3	20
2249	Wed.Oct22,2008	36	27	15	13	26	10
2248	Sat.Oct18,2008	9	39	27	36	11	10
2247	Wed.Oct15,2008	10	7	23	24	40	26
2246	Sat.Oct11,2008	37	38	33	25	30	1
2245	Wed.Oct08,2008	18	17	25	6	13	9
2244	Sat.Oct04,2008	33	42	15	8	25	23
2243	Wed.Oct01,2008	20	36	5	13	15	24
2242	Sat.Sep27,2008	31	7	32	21	4	26
2241	Wed.Sep24,2008	40	41	20	1	6	18
2240	Sat.Sep20,2008	33	23	12	44	37	5
2239	Wed.Sep17,2008	19	26	40	27	47	21
2238	Sat.Sep13,2008	19	21	13	41	6	16
2237	Wed.Sep10,2008	36	32	7	25	27	12
2236	Sat.Sep06,2008	6	35	47	7	34	23
2235	Wed.Sep03,2008	7	22	5	11	20	11
2234	Sat.Aug30,2008	4	2	20	41	13	22
2233	Wed.Aug27,2008	10	20	42	36	18	25
2232	Sat.Aug23,2008	47	29	13	22	43	4
2231	Wed.Aug20,2008	30	8	37	10	3	13
2230	Sat.Aug16,2008	16	36	6	25	26	19
2229	Wed.Aug13,2008	23	8	32	39	12	25
2228	Sat.Aug09,2008	24	39	11	9	14	17
2227	Wed.Aug06,2008	17	38	6	41	11	25
2226	Sat.Aug02,2008	12	3	47	1	6	22
2225	Wed.Jul30,2008	3	12	11	29	25	21
2224	Sat.Jul26,2008	9	14	28	7	41	11
2223	Wed.Jul23,2008	33	2	6	36	9	20
2222	Sat.Jul19,2008	29	41	40	33	10	19
2221	Wed.Jul16,2008	22	10	35	19	12	16
2220	Sat.Jul12,2008	28	32	47	20	19	22
2219	Wed.Jul09,2008	44	46	41	13	2	26
2218	Sat.Jul05,2008	22	27	28	32	7	20
2217	Wed.Jul02,2008	40	44	33	21	20	2
2216	Sat.Jun28,2008	41	29	10	14	17	26
2215	Wed.Jun25,2008	5	30	44	41	17	14
2214	Sat.Jun21,2008	41	30	10	29	33	18
2213	Wed.Jun18,2008	20	44	11	30	27	13
2212	Sat.Jun14,2008	28	9	37	7	26	18
2211	Wed.Jun11,2008	31	39	14	42	30	15
2210	Sat.Jun07,2008	33	4	29	23	44	5
2209	Wed.Jun04,2008	7	33	25	44	22	3
2208	Sat.May31,2008	6	8	25	11	29	4
2207	Wed.May28,2008	3	10	28	4	39	26
2206	Sat.May24,2008	2	19	31	4	42	12
2205	Wed.May21,2008	13	1	44	20	30	20
2204	Sat.May17,2008	46	35	13	41	24	5
2203	Wed.May14,2008	19	37	43	7	29	22
2202	Sat.May10,2008	20	24	33	25	11	23
2201	Wed.May07,2008	26	45	42	35	17	4
2200	Sat.May03,2008	44	22	10	8	33	10
2199	Wed.Apr30,2008	40	35	14	34	13	16
2198	Sat.Apr26,2008	12	17	20	31	4	20
2197	Wed.Apr23,2008	6	22	21	38	34	14
2196	Sat.Apr19,2008	6	3	19	25	5	20
2195	Wed.Apr16,2008	13	5	14	37	27	9
2194	Sat.Apr12,2008	40	34	15	19	20	17
2193	Wed.Apr09,2008	42	5	23	43	17	19
2192	Sat.Apr05,2008	6	7	24	2	31	3
2191	Wed.Apr02,2008	43	5	29	7	21	22
2190	Sat.Mar29,2008	18	34	11	1	19	13
2189	Wed.Mar26,2008	35	28	9	8	10	9
2188	Sat.Mar22,2008	47	4	16	5	43	20
2187	Wed.Mar19,2008	31	14	40	15	23	7
2186	Sat.Mar15,2008	29	11	22	4	31	12
2185	Wed.Mar12,2008	19	16	39	10	21	15
2184	Sat.Mar08,2008	17	14	41	19	18	26
2183	Wed.Mar05,2008	20	47	4	34	10	19
2182	Sat.Mar01,2008	22	35	36	17	47	25
2181	Wed.Feb27,2008	22	15	23	40	42	15
2180	Sat.Feb23,2008	33	41	2	25	35	10
2179	Wed.Feb20,2008	2	41	6	17	45	1
2178	Sat.Feb16,2008	33	22	41	25	45	9
2177	Wed.Feb13,2008	45	23	46	19	2	16
2176	Sat.Feb09,2008	34	30	39	41	23	1
2175	Wed.Feb06,2008	31	2	46	20	30	27
2174	Sat.Feb02,2008	16	10	43	35	11	9
2173	Wed.Jan30,2008	47	10	18	40	28	22
2172	Sat.Jan26,2008	23	29	42	2	32	20
2171	Wed.Jan23,2008	25	42	34	28	21	10
2170	Sat.Jan19,2008	7	18	43	22	30	5
2169	Wed.Jan16,2008	34	39	15	40	9	10
2168	Sat.Jan12,2008	10	41	1	23	43	8
2167	Wed.Jan09,2008	41	14	45	37	36	26
2166	Sat.Jan05,2008	15	18	3	41	40	4
2165	Wed.Jan02,2008	30	5	22	14	24	25
2164	Sat.Dec29,2007	27	12	29	28	26	24
2163	Wed.Dec26,2007	33	2	6	35	16	5
2162	Sat.Dec22,2007	46	30	14	27	44	3
2161	Wed.Dec19,2007	38	2	3	14	7	20
2160	Sat.Dec15,2007	21	16	39	26	42	14
2159	Wed.Dec12,2007	31	18	17	38	26	19
2158	Sat.Dec08,2007	34	13	33	5	10	22
2157	Wed.Dec05,2007	36	9	2	25	16	11
2156	Sat.Dec01,2007	18	35	6	24	15	21
2155	Wed.Nov28,2007	23	38	40	33	14	27
2154	Sat.Nov24,2007	39	21	12	8	31	25
2153	Wed.Nov21,2007	38	30	3	43	36	26
2152	Sat.Nov17,2007	20	7	31	47	26	10
2151	Wed.Nov14,2007	21	36	1	35	14	7
2150	Sat.Nov10,2007	47	45	14	31	39	27
2149	Wed.Nov07,2007	38	33	15	44	45	4
2148	Sat.Nov03,2007	14	12	13	16	31	15
2147	Wed.Oct31,2007	20	9	25	10	5	5
2146	Sat.Oct27,2007	22	13	9	8	24	26
2145	Wed.Oct24,2007	18	8	37	11	46	15
2144	Sat.Oct20,2007	7	35	20	18	16	19
2143	Wed.Oct17,2007	2	47	29	4	32	26
2142	Sat.Oct13,2007	25	34	18	9	17	22
2141	Wed.Oct10,2007	11	26	43	5	3	5
2140	Sat.Oct06,2007	44	27	19	47	31	22
2139	Wed.Oct03,2007	13	41	27	7	31	19
2138	Sat.Sep29,2007	37	15	30	39	21	20
2137	Wed.Sep26,2007	4	40	42	16	14	23
2136	Sat.Sep22,2007	8	19	11	15	13	27
2135	Wed.Sep19,2007	9	12	21	42	33	17
2134	Sat.Sep15,2007	20	46	26	2	10	16
2133	Wed.Sep12,2007	30	7	24	23	45	5
2132	Sat.Sep08,2007	30	37	21	39	34	5
2131	Wed.Sep05,2007	15	41	34	6	13	20
2130	Sat.Sep01,2007	5	14	22	47	39	10
2129	Wed.Aug29,2007	33	17	31	19	18	16
2128	Sat.Aug25,2007	40	38	21	27	29	11
2127	Wed.Aug22,2007	18	45	15	25	24	12
2126	Sat.Aug18,2007	34	37	39	40	24	12
2125	Wed.Aug15,2007	25	1	18	24	37	4
2124	Sat.Aug11,2007	8	2	23	42	16	7
2123	Wed.Aug08,2007	6	11	10	15	21	27
2122	Sat.Aug04,2007	36	39	2	46	33	7
2121	Wed.Aug01,2007	20	19	28	32	47	27
2120	Sat.Jul28,2007	25	11	4	15	9	18
2119	Wed.Jul25,2007	27	43	44	19	12	20
2118	Sat.Jul21,2007	19	23	36	3	39	8
2117	Wed.Jul18,2007	41	16	24	1	42	12
2116	Sat.Jul14,2007	5	35	3	33	18	1
2115	Wed.Jul11,2007	23	32	28	22	39	14
2114	Sat.Jul07,2007	35	6	39	36	34	13
2113	Wed.Jul04,2007	32	15	35	25	22	22
2112	Sat.Jun30,2007	15	2	37	1	30	1
2111	Wed.Jun27,2007	2	38	31	44	21	4
2110	Sat.Jun23,2007	29	31	35	2	28	18
2109	Wed.Jun20,2007	23	24	10	15	29	19
2108	Sat.Jun16,2007	24	35	38	36	4	26
2107	Wed.Jun13,2007	1	15	17	33	11	3
2106	Sat.Jun09,2007	17	45	23	28	33	20
2105	Wed.Jun06,2007	17	16	8	27	31	6
2104	Sat.Jun02,2007	43	27	11	17	18	18
2103	Wed.May30,2007	37	21	26	35	4	24
2102	Sat.May26,2007	44	25	3	1	17	17
2101	Wed.May23,2007	4	32	20	40	15	2
2100	Sat.May19,2007	17	43	2	39	25	8
2099	Wed.May16,2007	44	24	33	8	5	5
2098	Sat.May12,2007	42	7	9	24	38	16
2097	Wed.May09,2007	17	46	25	16	24	10
2096	Sat.May05,2007	18	34	1	16	38	17
2095	Wed.May02,2007	20	12	24	5	3	6
2094	Sat.Apr28,2007	6	16	24	14	41	10
2093	Wed.Apr25,2007	40	13	36	14	26	2
2092	Sat.Apr21,2007	12	36	20	46	2	15
2091	Wed.Apr18,2007	14	36	2	34	5	9
2090	Sat.Apr14,2007	34	29	4	27	38	16
2089	Wed.Apr11,2007	19	27	5	33	13	19
2088	Sat.Apr07,2007	25	6	39	47	15	17
2087	Wed.Apr04,2007	17	35	26	22	18	10
2086	Sat.Mar31,2007	33	3	40	7	18	2
2085	Wed.Mar28,2007	36	11	26	41	8	25
2084	Sat.Mar24,2007	46	16	43	9	29	14
2083	Wed.Mar21,2007	23	38	15	10	30	3
2082	Sat.Mar17,2007	6	36	27	41	17	3
2081	Wed.Mar14,2007	17	20	15	35	4	23
2080	Sat.Mar10,2007	8	17	3	6	32	2
2079	Wed.Mar07,2007	5	41	25	39	26	25
2078	Sat.Mar03,2007	1	21	34	28	15	14
2077	Wed.Feb28,2007	42	9	3	26	13	2
2076	Sat.Feb24,2007	13	28	19	37	24	26
2075	Wed.Feb21,2007	36	31	39	46	32	18
2074	Sat.Feb17,2007	46	21	39	1	45	9
2073	Wed.Feb14,2007	15	12	39	47	37	5
2072	Sat.Feb10,2007	32	24	26	30	45	26
2071	Wed.Feb07,2007	20	18	33	32	31	4
2070	Sat.Feb03,2007	7	37	32	21	46	25
2069	Wed.Jan31,2007	18	17	14	32	7	21
2068	Sat.Jan27,2007	36	21	13	18	11	16
2067	Wed.Jan24,2007	10	43	33	3	36	10
2066	Sat.Jan20,2007	38	18	42	19	34	17
2065	Wed.Jan17,2007	22	24	31	33	40	22
2064	Sat.Jan13,2007	18	46	16	7	29	19
2063	Wed.Jan10,2007	45	6	10	42	20	21
2062	Sat.Jan06,2007	40	33	28	27	8	15
2061	Wed.Jan03,2007	46	8	42	15	31	6
2060	Sat.Dec30,2006	47	4	27	13	26	21
2059	Wed.Dec27,2006	30	1	40	39	21	4
2058	Sat.Dec23,2006	46	6	18	30	17	2
2057	Wed.Dec20,2006	6	21	26	12	36	10
2056	Sat.Dec16,2006	47	10	40	42	14	21
2055	Wed.Dec13,2006	25	12	33	7	20	7
2054	Sat.Dec09,2006	17	7	4	6	23	16
2053	Wed.Dec06,2006	4	1	17	36	42	24
2052	Sat.Dec02,2006	17	39	30	19	2	12
2051	Wed.Nov29,2006	30	40	11	12	21	10
2050	Sat.Nov25,2006	20	37	9	6	18	10
2049	Wed.Nov22,2006	30	40	2	44	14	10
2048	Sat.Nov18,2006	10	35	45	25	26	23
2047	Wed.Nov15,2006	18	34	40	20	32	7
2046	Sat.Nov11,2006	43	25	35	20	12	17
2045	Wed.Nov08,2006	10	13	30	46	21	6
2044	Sat.Nov04,2006	13	29	31	26	33	9
2043	Wed.Nov01,2006	19	9	43	25	10	12
2042	Sat.Oct28,2006	40	27	35	14	7	15
2041	Wed.Oct25,2006	46	6	11	39	30	16
2040	Sat.Oct21,2006	27	6	10	11	28	4
2039	Wed.Oct18,2006	44	23	7	27	15	19
2038	Sat.Oct14,2006	5	12	35	47	13	14
2037	Wed.Oct11,2006	4	29	20	30	1	17
2036	Sat.Oct07,2006	29	21	5	44	15	4
2035	Wed.Oct04,2006	43	45	32	12	15	11
2034	Sat.Sep30,2006	47	27	20	15	22	18
2033	Wed.Sep27,2006	29	10	28	16	21	3
2032	Sat.Sep23,2006	46	10	39	14	42	1
2031	Wed.Sep20,2006	22	39	24	32	3	22
2030	Sat.Sep16,2006	17	36	30	24	31	12
2029	Wed.Sep13,2006	9	23	26	10	37	27
2028	Sat.Sep09,2006	12	25	10	11	7	15
2027	Wed.Sep06,2006	44	41	46	43	24	22
2026	Sat.Sep02,2006	22	15	42	11	46	6
2025	Wed.Aug30,2006	34	31	19	15	27	2
2024	Sat.Aug26,2006	26	10	24	38	5	23
2023	Wed.Aug23,2006	28	11	14	43	23	18
2022	Sat.Aug19,2006	34	7	41	23	25	27
2021	Wed.Aug16,2006	10	32	6	37	26	3
2020	Sat.Aug12,2006	34	37	12	47	10	8
2019	Wed.Aug09,2006	13	19	7	35	10	12
2018	Sat.Aug05,2006	23	19	40	35	6	20
2017	Wed.Aug02,2006	2	1	16	32	8	10
2016	Sat.Jul29,2006	45	16	32	28	1	3
2015	Wed.Jul26,2006	18	2	20	10	13	21
2014	Sat.Jul22,2006	21	18	13	46	47	23
2013	Wed.Jul19,2006	36	15	22	44	9	13
2012	Sat.Jul15,2006	15	33	34	27	44	20
2011	Wed.Jul12,2006	32	16	20	9	45	8
2010	Sat.Jul08,2006	41	37	31	47	21	11
2009	Wed.Jul05,2006	2	20	34	9	12	16
2008	Sat.Jul01,2006	43	19	1	17	32	25
2007	Wed.Jun28,2006	29	4	15	17	10	22
2006	Sat.Jun24,2006	41	20	44	36	4	13
2005	Wed.Jun21,2006	26	22	27	37	15	23
2004	Sat.Jun17,2006	25	22	6	9	10	4
2003	Wed.Jun14,2006	38	12	9	36	41	5
2002	Sat.Jun10,2006	42	20	7	19	31	13
2001	Wed.Jun07,2006	1	31	14	11	30	12
2000	Sat.Jun03,2006	17	19	10	29	7	20
1999	Wed.May31,2006	9	39	23	44	15	2
1998	Sat.May27,2006	9	24	30	20	14	26
1997	Wed.May24,2006	7	15	41	22	45	11
1996	Sat.May20,2006	40	38	15	28	23	18
1995	Wed.May17,2006	26	27	7	38	35	14
1994	Sat.May13,2006	8	40	3	28	42	11
1993	Wed.May10,2006	42	6	5	44	45	15
1992	Sat.May06,2006	20	37	27	6	43	22
1991	Wed.May03,2006	28	27	9	11	2	27
1990	Sat.Apr29,2006	7	12	21	43	46	16
1989	Wed.Apr26,2006	31	13	24	39	33	27
1988	Sat.Apr22,2006	1	13	15	18	31	15
1987	Wed.Apr19,2006	19	12	47	23	34	19
1986	Sat.Apr15,2006	5	20	45	15	13	8
1985	Wed.Apr12,2006	31	7	41	36	32	18
1984	Sat.Apr08,2006	31	24	46	34	29	26
1983	Wed.Apr05,2006	43	39	11	27	34	21
1982	Sat.Apr01,2006	19	26	14	40	36	20
1981	Wed.Mar29,2006	32	7	41	27	21	3
1980	Sat.Mar25,2006	21	27	38	34	4	25
1979	Wed.Mar22,2006	4	2	1	6	35	17
1978	Sat.Mar18,2006	44	20	34	35	4	22
1977	Wed.Mar15,2006	10	27	41	2	15	2
1976	Sat.Mar11,2006	46	3	11	21	29	5
1975	Wed.Mar08,2006	34	30	20	16	3	13
1974	Sat.Mar04,2006	29	8	21	9	4	12
1973	Wed.Mar01,2006	3	22	42	16	31	18
1972	Sat.Feb25,2006	46	21	39	6	36	3
1971	Wed.Feb22,2006	16	21	10	34	25	1
1970	Sat.Feb18,2006	13	43	27	46	10	23
1969	Wed.Feb15,2006	10	8	36	31	18	15
1968	Sat.Feb11,2006	36	12	32	20	4	10
1967	Wed.Feb08,2006	2	6	9	35	3	1
1966	Sat.Feb04,2006	21	25	1	4	3	3
1965	Wed.Feb01,2006	25	44	20	27	24	6
1964	Sat.Jan28,2006	13	27	9	33	3	13
1963	Wed.Jan25,2006	20	7	14	21	47	24
1962	Sat.Jan21,2006	2	41	17	33	43	5
1961	Wed.Jan18,2006	7	16	4	17	10	24
1960	Sat.Jan14,2006	46	36	4	23	25	13
1959	Wed.Jan11,2006	24	25	36	6	43	17
1958	Sat.Jan07,2006	32	5	17	39	29	3
1957	Wed.Jan04,2006	35	5	19	15	20	20
1956	Sat.Dec31,2005	20	28	38	42	43	27
1955	Wed.Dec28,2005	20	4	40	3	39	3
1954	Sat.Dec24,2005	23	26	7	22	40	25
1953	Wed.Dec21,2005	37	30	43	24	34	27
1952	Sat.Dec17,2005	23	10	47	36	8	20
1951	Wed.Dec14,2005	15	39	3	23	32	27
1950	Sat.Dec10,2005	40	44	38	34	46	18
1949	Wed.Dec07,2005	5	44	6	31	4	21
1948	Sat.Dec03,2005	30	12	45	19	26	6
1947	Wed.Nov30,2005	7	16	32	19	36	24
1946	Sat.Nov26,2005	17	4	44	47	43	21
1945	Wed.Nov23,2005	11	38	24	7	5	19
1944	Sat.Nov19,2005	42	4	5	32	15	2
1943	Wed.Nov16,2005	13	30	15	22	38	20
1942	Sat.Nov12,2005	11	32	4	10	12	13
1941	Wed.Nov09,2005	21	5	7	34	30	24
1940	Sat.Nov05,2005	41	14	3	27	15	17
1939	Wed.Nov02,2005	40	34	13	46	5	6
1938	Sat.Oct29,2005	11	1	29	39	16	13
1937	Wed.Oct26,2005	33	10	9	34	23	22
1936	Sat.Oct22,2005	36	18	39	12	45	5
1935	Wed.Oct19,2005	10	34	30	12	39	19
1934	Sat.Oct15,2005	39	42	30	8	46	8
1933	Wed.Oct12,2005	2	44	25	33	39	11
1932	Sat.Oct08,2005	43	13	36	27	44	7
1931	Wed.Oct05,2005	8	13	40	22	19	17
1930	Sat.Oct01,2005	19	2	35	33	40	8
1929	Wed.Sep28,2005	28	45	37	17	2	5
1928	Sat.Sep24,2005	13	7	33	28	23	2
1927	Wed.Sep21,2005	3	34	37	30	41	18
1926	Sat.Sep17,2005	28	25	31	10	7	23
1925	Wed.Sep14,2005	35	13	22	5	40	20
1924	Sat.Sep10,2005	5	12	39	11	19	10
1923	Wed.Sep07,2005	26	41	25	24	11	17
1922	Sat.Sep03,2005	11	15	18	35	46	18
1921	Wed.Aug31,2005	27	23	13	2	8	15
1920	Sat.Aug27,2005	42	18	20	7	22	9
1919	Wed.Aug24,2005	27	16	38	40	21	23
1918	Sat.Aug20,2005	8	22	16	3	35	17
1917	Wed.Aug17,2005	21	16	31	42	19	9
1916	Sat.Aug13,2005	17	25	45	44	42	24
1915	Wed.Aug10,2005	13	21	41	32	1	7
1914	Sat.Aug06,2005	29	12	32	35	43	1
1913	Wed.Aug03,2005	31	3	12	47	39	7
1912	Sat.Jul30,2005	34	20	3	1	45	27
1911	Wed.Jul27,2005	8	21	35	17	5	21
1910	Sat.Jul23,2005	29	36	15	14	22	5
1909	Wed.Jul20,2005	24	13	40	35	37	20
1908	Sat.Jul16,2005	17	31	22	13	40	6
1907	Wed.Jul13,2005	13	6	32	8	30	9
1906	Sat.Jul09,2005	35	27	21	23	26	12
1905	Wed.Jul06,2005	1	35	6	5	18	15
1904	Sat.Jul02,2005	21	8	31	33	9	11
1903	Wed.Jun29,2005	13	44	23	25	30	10
1902	Sat.Jun25,2005	27	31	33	18	25	19
1901	Wed.Jun22,2005	39	4	6	7	34	9
1900	Sat.Jun18,2005	42	28	5	25	36	8
1899	Wed.Jun15,2005	34	42	45	40	44	12
1898	Sat.Jun11,2005	42	39	20	2	7	5
1897	Wed.Jun08,2005	40	21	45	34	24	26
1896	Sat.Jun04,2005	45	39	14	42	15	11
1895	Wed.Jun01,2005	22	2	29	8	47	22
1894	Sat.May28,2005	5	38	19	35	46	13
1893	Wed.May25,2005	4	23	26	47	15	23
1892	Sat.May21,2005	3	18	22	17	8	2
1891	Wed.May18,2005	25	31	16	45	12	20
1890	Sat.May14,2005	42	16	40	15	43	16
1889	Wed.May11,2005	5	38	2	25	21	11
1888	Sat.May07,2005	12	43	47	14	19	19
1887	Wed.May04,2005	45	20	44	16	7	18
1886	Sat.Apr30,2005	28	15	11	36	37	15
1885	Wed.Apr27,2005	29	4	17	31	6	8
1884	Sat.Apr23,2005	29	11	22	16	10	25
1883	Wed.Apr20,2005	31	28	7	13	15	9
1882	Sat.Apr16,2005	21	43	23	19	2	2
1881	Wed.Apr13,2005	43	38	45	42	34	19
1880	Sat.Apr09,2005	15	12	17	19	44	18
1879	Wed.Apr06,2005	22	21	39	29	26	16
1878	Sat.Apr02,2005	13	43	8	16	19	6
1877	Wed.Mar30,2005	22	43	25	1	36	17
1876	Sat.Mar26,2005	18	41	43	3	11	6
1875	Wed.Mar23,2005	23	26	31	9	36	10
1874	Sat.Mar19,2005	16	41	43	10	27	21
1873	Wed.Mar16,2005	1	2	38	41	6	27
1872	Sat.Mar12,2005	17	6	38	46	7	4
1871	Wed.Mar09,2005	12	40	30	1	38	2
1870	Sat.Mar05,2005	26	19	38	46	33	1
1869	Wed.Mar02,2005	30	19	10	21	8	27
1868	Sat.Feb26,2005	40	9	23	30	7	5
1867	Wed.Feb23,2005	4	15	23	10	39	26
1866	Sat.Feb19,2005	20	2	5	22	47	11
1865	Wed.Feb16,2005	12	16	26	7	40	21
1864	Sat.Feb12,2005	39	30	31	21	37	5
1863	Wed.Feb09,2005	17	23	7	5	6	23
1862	Sat.Feb05,2005	29	30	43	11	34	13
1861	Wed.Feb02,2005	2	20	44	13	9	27
1860	Sat.Jan29,2005	41	10	45	19	30	9
1859	Wed.Jan26,2005	2	46	3	27	28	24
1858	Sat.Jan22,2005	10	5	38	36	20	4
1857	Wed.Jan19,2005	45	30	27	2	9	13
1856	Sat.Jan15,2005	3	30	41	29	7	10
1855	Wed.Jan12,2005	20	3	44	28	17	21
1854	Sat.Jan08,2005	32	12	15	37	23	18
1853	Wed.Jan05,2005	11	42	32	41	9	2
1852	Sat.Jan01,2005	42	25	35	41	34	18
1851	Wed.Dec29,2004	6	43	5	1	17	5
1850	Sat.Dec25,2004	6	10	30	34	26	26
1849	Wed.Dec22,2004	18	20	32	44	34	12
1848	Sat.Dec18,2004	19	35	24	41	21	21
1847	Wed.Dec15,2004	40	10	7	1	28	2
1846	Sat.Dec11,2004	1	5	18	13	42	12
1845	Wed.Dec08,2004	36	1	14	6	33	10
1844	Sat.Dec04,2004	1	47	30	15	39	19
1843	Wed.Dec01,2004	4	34	5	9	20	23
1842	Sat.Nov27,2004	2	45	21	36	23	9
1841	Wed.Nov24,2004	28	3	1	12	47	9
1840	Sat.Nov20,2004	44	39	22	8	2	16
1839	Wed.Nov17,2004	36	47	44	16	23	10
1838	Sat.Nov13,2004	10	14	11	32	5	6
1837	Wed.Nov10,2004	38	5	28	4	34	9
1836	Sat.Nov06,2004	18	40	38	22	26	9
1835	Wed.Nov03,2004	14	2	37	47	35	7
1834	Sat.Oct30,2004	1	35	16	41	29	9
1833	Wed.Oct27,2004	14	38	10	42	30	22
1832	Sat.Oct23,2004	23	15	17	45	33	15
1831	Wed.Oct20,2004	1	10	31	45	47	17
1830	Sat.Oct16,2004	1	28	29	40	43	20
1829	Wed.Oct13,2004	8	11	20	22	45	18
1828	Sat.Oct09,2004	9	17	21	35	45	6
1827	Wed.Oct06,2004	9	18	31	42	45	26
1826	Sat.Oct02,2004	7	13	16	37	38	14
1825	Wed.Sep29,2004	20	22	28	42	46	14
1824	Sat.Sep25,2004	16	26	33	35	45	6
1823	Wed.Sep22,2004	16	18	23	34	45	14
1822	Sat.Sep18,2004	11	22	24	31	39	22
1821	Wed.Sep15,2004	7	22	28	30	37	11
1820	Sat.Sep11,2004	8	11	15	29	36	14
1819	Wed.Sep08,2004	7	10	29	35	40	21
1818	Sat.Sep04,2004	6	14	22	25	31	7
1817	Wed.Sep01,2004	5	9	29	41	36	13
1816	Sat.Aug28,2004	17	18	28	33	39	19
1815	Wed.Aug25,2004	2	12	14	30	44	17
1814	Sat.Aug21,2004	11	16	19	20	34	18
1813	Wed.Aug18,2004	4	23	26	28	39	5
1812	Sat.Aug14,2004	9	23	26	28	47	13
1811	Wed.Aug11,2004	2	13	32	34	35	20
1810	Sat.Aug07,2004	8	11	16	22	46	16
1809	Wed.Aug04,2004	1	24	27	35	43	12
1808	Sat.Jul31,2004	3	33	37	42	45	17
1807	Wed.Jul28,2004	5	12	17	34	39	5
1806	Sat.Jul24,2004	9	15	26	30	43	20
1805	Wed.Jul21,2004	12	14	40	41	43	12
1804	Sat.Jul17,2004	7	11	20	30	35	4
1803	Wed.Jul14,2004	7	29	40	44	46	2
1802	Sat.Jul10,2004	2	6	13	25	47	12
1801	Wed.Jul07,2004	13	14	19	21	30	15
1800	Sat.Jul03,2004	1	7	9	24	32	15
1799	Wed.Jun30,2004	5	23	34	45	47	4
1798	Sat.Jun26,2004	6	29	30	41	43	15
1797	Wed.Jun23,2004	8	12	13	14	18	18
1796	Sat.Jun19,2004	15	21	23	27	37	11
1795	Wed.Jun16,2004	28	33	30	21	35	6
1794	Sat.Jun12,2004	4	18	29	31	38	20
1793	Wed.Jun09,2004	2	13	15	21	46	4
1792	Sat.Jun05,2004	3	11	16	42	46	5
1791	Wed.Jun02,2004	3	14	22	35	43	15
1790	Sat.May29,2004	11	21	32	40	47	25
1789	Wed.May26,2004	12	20	33	38	42	6
1788	Sat.May22,2004	5	7	31	36	44	2
1787	Wed.May19,2004	3	7	11	17	43	20
1786	Sat.May15,2004	34	35	38	39	45	26
1785	Wed.May12,2004	3	11	13	16	33	11
1784	Sat.May08,2004	1	5	11	28	38	5
1783	Wed.May05,2004	12	22	25	42	45	4
1782	Sat.May01,2004	3	20	27	34	37	11
1781	Wed.Apr28,2004	1	14	22	34	44	15
1780	Sat.Apr24,2004	6	10	22	36	43	20
1779	Wed.Apr21,2004	9	13	26	31	36	17
1778	Sat.Apr17,2004	13	15	32	33	42	5
1777	Wed.Apr14,2004	1	6	19	45	46	27
1776	Sat.Apr10,2004	13	22	23	29	47	11
1775	Wed.Apr07,2004	23	35	40	45	47	3
1774	Sat.Apr03,2004	12	13	14	17	47	20
1773	Wed.Mar31,2004	10	47	36	39	44	14
1772	Sat.Mar27,2004	6	9	24	40	42	26
1771	Wed.Mar24,2004	44	17	21	30	36	20
1770	Sat.Mar20,2004	8	22	30	33	38	20
1769	Wed.Mar17,2004	1	3	22	36	44	18
1768	Sat.Mar13,2004	11	23	30	35	40	18
1767	Wed.Mar10,2004	4	20	23	29	41	5
1766	Sat.Mar06,2004	3	7	9	29	40	11
1765	Wed.Mar03,2004	2	17	29	44	47	5
1764	Sat.Feb28,2004	13	28	43	44	45	15
1763	Wed.Feb25,2004	18	22	27	28	29	2
1762	Sat.Feb21,2004	9	13	19	20	21	9
1761	Wed.Feb18,2004	16	25	26	29	33	1
1760	Sat.Feb14,2004	21	22	31	36	45	10
1759	Wed.Feb11,2004	10	22	24	28	41	5
1758	Sat.Feb07,2004	7	9	12	24	35	12
1757	Wed.Feb04,2004	3	9	20	26	42	23
1756	Sat.Jan31,2004	33	35	36	45	47	13
1755	Wed.Jan28,2004	11	14	20	26	47	26
1754	Sat.Jan24,2004	3	9	25	33	38	18
1753	Wed.Jan21,2004	6	7	13	15	33	12
1752	Sat.Jan17,2004	1	3	6	16	36	19
1751	Wed.Jan14,2004	1	2	4	34	36	22
1750	Sat.Jan10,2004	3	6	23	28	30	19
1749	Wed.Jan07,2004	9	28	32	40	42	2
1748	Sat.Jan03,2004	5	9	13	16	21	4
1747	Wed.Dec31,2003	10	12	18	23	30	2
1746	Sat.Dec27,2003	12	14	17	34	47	26
1745	Wed.Dec24,2003	9	10	19	30	41	24
1744	Sat.Dec20,2003	6	21	22	35	38	20
1743	Wed.Dec17,2003	4	18	24	33	35	27
1742	Sat.Dec13,2003	6	20	26	36	46	27
1741	Wed.Dec10,2003	17	20	25	37	43	11
1740	Sat.Dec06,2003	1	12	20	38	46	5
1739	Wed.Dec03,2003	3	18	30	32	35	23
1738	Sat.Nov29,2003	17	18	22	39	42	1
1737	Wed.Nov26,2003	1	11	17	19	31	10
1736	Sat.Nov22,2003	5	12	13	25	28	15
1735	Wed.Nov19,2003	4	11	13	16	26	20
1734	Sat.Nov15,2003	1	6	28	29	38	24
1733	Wed.Nov12,2003	7	11	21	25	35	1
1732	Sat.Nov08,2003	5	13	21	35	46	5
1731	Wed.Nov05,2003	2	16	28	33	34	27
1730	Sat.Nov01,2003	15	18	20	29	41	8
1729	Wed.Oct29,2003	28	39	35	43	14	14
1728	Sat.Oct25,2003	7	18	32	43	47	10
1727	Wed.Oct22,2003	6	9	17	29	32	12
1726	Sat.Oct18,2003	2	5	18	25	41	2
1725	Wed.Oct15,2003	8	14	16	24	33	8
1724	Sat.Oct11,2003	1	2	7	28	45	18
1723	Wed.Oct08,2003	3	5	34	35	38	11
1722	Sat.Oct04,2003	9	15	18	37	41	14
1721	Wed.Oct01,2003	5	18	23	24	31	13
1720	Sat.Sep27,2003	4	13	26	31	46	26
1719	Wed.Sep24,2003	10	21	24	32	33	9
1718	Sat.Sep20,2003	7	25	27	40	44	17
1717	Wed.Sep17,2003	4	7	26	38	47	23
1716	Sat.Sep13,2003	36	15	3	1	35	23
1715	Wed.Sep10,2003	34	43	27	20	7	6
1714	Sat.Sep06,2003	16	20	28	31	41	19
1713	Wed.Sep03,2003	1	16	25	27	32	12
1712	Sat.Aug30,2003	3	25	28	46	47	12
1711	Wed.Aug27,2003	6	13	21	40	47	9
1710	Sat.Aug23,2003	18	28	42	8	41	21
1709	Wed.Aug20,2003	6	7	24	31	47	10
1708	Sat.Aug16,2003	3	15	26	27	29	23
1707	Wed.Aug13,2003	2	19	24	31	33	19
1706	Sat.Aug09,2003	12	19	22	31	34	7
1705	Wed.Aug06,2003	20	26	32	34	35	24
1704	Sat.Aug02,2003	6	20	30	35	46	20
1703	Wed.Jul30,2003	6	12	25	26	42	7
1702	Sat.Jul26,2003	7	18	21	22	45	9
1701	Wed.Jul23,2003	19	20	23	26	34	12
1700	Sat.Jul19,2003	8	18	24	38	42	22
1699	Wed.Jul16,2003	31	35	36	42	44	24
1698	Sat.Jul12,2003	18	23	25	37	44	25
1697	Wed.Jul09,2003	2	5	20	23	46	15
1696	Sat.Jul05,2003	14	16	21	30	34	10
1695	Wed.Jul02,2003	4	9	13	38	44	13
1694	Sat.Jun28,2003	1	5	11	13	18	22
1693	Wed.Jun25,2003	9	17	22	25	28	10
1692	Sat.Jun21,2003	8	11	29	40	42	6
1691	Wed.Jun18,2003	33	36	41	42	43	14
1690	Sat.Jun14,2003	19	20	22	41	45	18
1689	Wed.Jun11,2003	4	7	9	19	31	6
1688	Sat.Jun07,2003	2	3	8	23	36	9
1687	Wed.Jun04,2003	2	5	35	43	47	12
1686	Sat.May31,2003	5	21	23	27	38	24
1685	Wed.May28,2003	4	5	34	38	42	23
1684	Sat.May24,2003	6	18	26	28	46	17
1683	Wed.May21,2003	13	14	31	42	43	6
1682	Sat.May17,2003	4	11	12	15	36	10
1681	Wed.May14,2003	2	7	20	42	45	26
1680	Sat.May10,2003	17	20	29	38	40	4
1679	Wed.May07,2003	21	26	28	35	46	13
1678	Sat.May03,2003	17	19	24	35	42	20
1677	Wed.Apr30,2003	9	12	21	26	36	27
1676	Sat.Apr26,2003	1	9	29	31	35	3
1675	Wed.Apr23,2003	21	33	37	44	45	22
1674	Sat.Apr19,2003	16	21	26	32	36	20
1673	Wed.Apr16,2003	12	14	18	31	46	7
1672	Sat.Apr12,2003	1	2	6	27	34	23
1671	Wed.Apr09,2003	8	14	25	27	46	14
1670	Sat.Apr05,2003	4	13	21	35	38	16
1669	Wed.Apr02,2003	2	6	7	8	15	14
1668	Sat.Mar29,2003	2	4	16	31	43	11
1667	Wed.Mar26,2003	10	11	12	19	44	20
1666	Sat.Mar22,2003	3	4	20	33	44	24
1665	Wed.Mar19,2003	9	17	22	30	36	13
1664	Sat.Mar15,2003	11	33	38	42	46	26
1663	Wed.Mar12,2003	4	5	12	18	37	23
1662	Sat.Mar08,2003	13	15	17	29	38	2
1661	Wed.Mar05,2003	3	5	8	24	39	19
1660	Sat.Mar01,2003	8	12	23	25	26	1
1659	Wed.Feb26,2003	13	23	37	38	40	9
1658	Sat.Feb22,2003	15	24	26	32	37	18
1657	Wed.Feb19,2003	29	38	1	9	5	25
1656	Sat.Feb15,2003	14	15	20	35	44	26
1655	Wed.Feb12,2003	12	26	27	38	43	18
1654	Sat.Feb08,2003	6	10	37	38	42	4
1653	Wed.Feb05,2003	5	14	26	30	33	5
1652	Sat.Feb01,2003	23	28	32	41	47	26
1651	Wed.Jan29,2003	4	6	21	36	46	11
1650	Sat.Jan25,2003	2	4	5	20	47	26
1649	Wed.Jan22,2003	7	9	18	23	45	12
1648	Sat.Jan18,2003	8	18	19	24	32	20
1647	Wed.Jan15,2003	8	17	29	35	44	1
1646	Sat.Jan11,2003	6	21	22	40	45	10
1645	Wed.Jan08,2003	14	16	21	38	41	14
1644	Sat.Jan04,2003	9	23	28	41	47	7
1643	Wed.Jan01,2003	13	15	20	32	33	10
1642	Sat.Dec28,2002	7	9	16	24	36	5
1641	Wed.Dec25,2002	11	22	30	41	45	1
1640	Sat.Dec21,2002	21	29	32	33	38	2
1639	Wed.Dec18,2002	31	9	43	39	18	20
1638	Sat.Dec14,2002	9	22	24	30	47	13
1637	Wed.Dec11,2002	3	17	29	32	35	14
1636	Sat.Dec07,2002	8	19	32	39	45	8
1635	Wed.Dec04,2002	8	24	29	36	41	13
1634	Sat.Nov30,2002	9	25	28	39	47	1
1633	Wed.Nov27,2002	5	8	13	20	46	3
1632	Sat.Nov23,2002	6	8	13	27	45	14
1631	Wed.Nov20,2002	7	10	21	41	47	4
1630	Sat.Nov16,2002	1	8	16	29	47	27
1629	Wed.Nov13,2002	2	11	27	36	43	9
1628	Sat.Nov09,2002	2	13	21	22	28	9
1627	Wed.Nov06,2002	2	5	17	22	43	10
1626	Sat.Nov02,2002	6	9	32	43	44	23
1625	Wed.Oct30,2002	3	11	25	35	38	18
1624	Sat.Oct26,2002	9	13	38	42	47	26
1623	Wed.Oct23,2002	17	22	24	25	38	18
1622	Sat.Oct19,2002	7	8	20	22	29	10
1621	Wed.Oct16,2002	8	11	15	25	37	27
1620	Sat.Oct12,2002	2	3	14	18	24	23
1619	Wed.Oct09,2002	5	18	21	33	39	11
1618	Sat.Oct05,2002	4	12	14	28	42	7
1617	Wed.Oct02,2002	4	16	19	27	36	7
1616	Sat.Sep28,2002	6	21	34	35	40	7
1615	Wed.Sep25,2002	13	17	22	24	42	19
1614	Sat.Sep21,2002	8	32	37	38	43	25
1613	Wed.Sep18,2002	10	18	23	27	41	22
1612	Sat.Sep14,2002	16	20	30	43	46	22
1611	Wed.Sep11,2002	3	5	20	29	41	26
1610	Sat.Sep07,2002	9	15	16	36	46	16
1609	Wed.Sep04,2002	13	14	32	34	47	13
1608	Sat.Aug31,2002	5	6	8	18	24	7
1607	Wed.Aug28,2002	12	15	16	24	46	12
1606	Sat.Aug24,2002	6	9	17	27	35	24
1605	Wed.Aug21,2002	6	10	19	38	43	21
1604	Sat.Aug17,2002	1	3	4	11	19	1
1603	Wed.Aug14,2002	6	12	18	24	25	5
1602	Sat.Aug10,2002	32	43	41	10	29	11
1601	Wed.Aug07,2002	5	16	25	34	44	3
1600	Sat.Aug03,2002	11	20	23	35	37	26
1599	Wed.Jul31,2002	2	4	31	32	46	21
1598	Sat.Jul27,2002	3	11	20	42	45	3
1597	Wed.Jul24,2002	2	18	32	44	45	3
1596	Sat.Jul20,2002	15	18	27	31	34	21
1595	Wed.Jul17,2002	16	24	26	30	44	10
1594	Sat.Jul13,2002	3	13	17	27	39	20
1593	Wed.Jul10,2002	5	11	27	28	39	20
1592	Sat.Jul06,2002	8	10	16	21	27	16
1591	Wed.Jul03,2002	7	14	15	26	36	13
1590	Sat.Jun29,2002	4	5	18	23	36	13
1589	Wed.Jun26,2002	4	8	16	26	33	21
1588	Sat.Jun22,2002	7	25	27	40	45	14
1587	Wed.Jun19,2002	8	10	14	17	46	8
1586	Sat.Jun15,2002	2	11	14	33	35	15
1585	Wed.Jun12,2002	2	7	33	35	40	4
1584	Sat.Jun08,2002	26	38	40	41	42	11
1583	Wed.Jun05,2002	4	6	23	44	45	1
1582	Sat.Jun01,2002	7	23	25	33	35	15
1581	Wed.May29,2002	1	4	15	30	34	23
1580	Sat.May25,2002	1	5	9	30	39	11
1579	Wed.May22,2002	7	9	17	35	47	9
1578	Sat.May18,2002	1	2	4	16	34	10
1577	Wed.May15,2002	2	7	21	30	35	22
1576	Sat.May11,2002	4	14	28	40	45	24
1575	Wed.May08,2002	5	21	24	33	45	22
1574	Sat.May04,2002	9	10	25	26	40	8
1573	Wed.May01,2002	39	40	45	46	47	11
1572	Sat.Apr27,2002	5	14	32	40	43	11
1571	Wed.Apr24,2002	1	15	27	28	30	16
1570	Sat.Apr20,2002	3	10	24	29	30	22
1569	Wed.Apr17,2002	4	8	11	13	44	9
1568	Sat.Apr13,2002	8	13	17	19	37	25
1567	Wed.Apr10,2002	9	12	17	24	45	17
1566	Sat.Apr06,2002	17	24	34	38	43	21
1565	Wed.Apr03,2002	5	14	20	25	36	1
1564	Sat.Mar30,2002	18	28	33	39	42	12
1563	Wed.Mar27,2002	8	12	13	30	44	8
1562	Sat.Mar23,2002	5	12	33	41	46	27
1561	Wed.Mar20,2002	11	14	32	33	45	9
1560	Sat.Mar16,2002	2	8	25	42	46	8
1559	Wed.Mar13,2002	1	10	28	30	34	10
1558	Sat.Mar09,2002	22	24	25	26	46	19
1557	Wed.Mar06,2002	27	3	46	2	10	16
1556	Sat.Mar02,2002	13	28	34	43	44	11
1555	Wed.Feb27,2002	13	26	29	37	42	7
1554	Sat.Feb23,2002	6	27	38	39	41	27
1553	Wed.Feb20,2002	11	17	40	46	47	25
1552	Sat.Feb16,2002	6	11	31	32	39	20
1551	Wed.Feb13,2002	1	4	19	28	46	4
1550	Sat.Feb09,2002	8	22	28	37	43	6
1549	Wed.Feb06,2002	3	32	36	42	46	24
1548	Sat.Feb02,2002	13	17	20	41	46	2
1547	Wed.Jan30,2002	1	21	30	33	45	21
1546	Sat.Jan26,2002	47	21	29	35	1	16
1545	Wed.Jan23,2002	1	14	23	24	43	3
1544	Sat.Jan19,2002	1	7	24	44	45	23
1543	Wed.Jan16,2002	16	19	20	28	46	24
1542	Sat.Jan12,2002	20	24	27	28	47	15
1541	Wed.Jan09,2002	7	10	28	29	30	21
1540	Sat.Jan05,2002	23	28	29	38	39	11
1539	Wed.Jan02,2002	3	4	12	17	39	3
1538	Sat.Dec29,2001	10	12	20	28	42	1
1537	Wed.Dec26,2001	9	26	39	3	15	6
1536	Sat.Dec22,2001	3	9	18	26	33	9
1535	Wed.Dec19,2001	10	16	24	32	37	22
1534	Sat.Dec15,2001	4	25	29	36	44	18
1533	Wed.Dec12,2001	3	15	24	30	46	8
1532	Sat.Dec08,2001	3	10	29	30	37	20
1531	Wed.Dec05,2001	19	20	26	34	46	22
1530	Sat.Dec01,2001	10	16	20	43	45	20
1529	Wed.Nov28,2001	2	18	36	43	45	16
1528	Sat.Nov24,2001	23	24	30	36	37	20
1527	Wed.Nov21,2001	14	15	28	39	47	22
1526	Sat.Nov17,2001	4	14	29	31	46	1
1525	Wed.Nov14,2001	4	14	30	38	40	19
1524	Sat.Nov10,2001	14	19	34	37	42	26
1523	Wed.Nov07,2001	46	9	43	34	32	22
1522	Sat.Nov03,2001	24	32	33	36	45	18
1521	Wed.Oct31,2001	14	28	29	31	42	3
1520	Sat.Oct27,2001	9	10	27	28	41	14
1519	Wed.Oct24,2001	23	32	38	41	42	27
1518	Sat.Oct20,2001	15	29	30	46	47	24
1517	Wed.Oct17,2001	5	8	11	21	40	17
1516	Sat.Oct13,2001	15	18	28	36	43	6
1515	Wed.Oct10,2001	8	11	29	43	44	10
1514	Sat.Oct06,2001	4	16	26	32	35	2
1513	Wed.Oct03,2001	4	38	39	40	44	17
1512	Sat.Sep29,2001	5	9	27	38	46	8
1511	Wed.Sep26,2001	3	14	24	26	47	6
1510	Sat.Sep22,2001	4	16	28	35	41	17
1509	Wed.Sep19,2001	2	14	24	44	46	10
1508	Sat.Sep15,2001	1	4	37	38	41	15
1507	Wed.Sep12,2001	3	9	13	24	30	12
1506	Sat.Sep08,2001	10	11	33	39	40	25
1505	Wed.Sep05,2001	26	27	31	43	45	3
1504	Sat.Sep01,2001	16	21	34	41	47	17
1503	Wed.Aug29,2001	5	16	22	26	33	22
1502	Sat.Aug25,2001	3	4	20	40	45	26
1501	Wed.Aug22,2001	26	28	34	37	43	23
1500	Sat.Aug18,2001	24	26	29	35	38	23
1499	Wed.Aug15,2001	1	18	20	45	46	5
1498	Sat.Aug11,2001	14	16	20	41	45	24
1497	Wed.Aug08,2001	3	5	16	19	39	14
1496	Sat.Aug04,2001	2	9	12	30	44	18
1495	Wed.Aug01,2001	12	22	29	37	43	7
1494	Sat.Jul28,2001	5	13	34	36	46	2
1493	Wed.Jul25,2001	6	32	34	39	46	18
1492	Sat.Jul21,2001	15	20	24	27	43	20
1491	Wed.Jul18,2001	5	26	32	33	37	5
1490	Sat.Jul14,2001	5	19	31	35	44	12
1489	Wed.Jul11,2001	1	8	35	39	44	16
1488	Sat.Jul07,2001	9	18	36	38	47	14
1487	Wed.Jul04,2001	6	16	32	33	47	1
1486	Sat.Jun30,2001	11	21	30	41	46	16
1485	Wed.Jun27,2001	1	5	15	37	45	16
1484	Sat.Jun23,2001	3	22	43	44	45	8
1483	Wed.Jun20,2001	2	8	31	32	46	13
1482	Sat.Jun16,2001	2	5	19	29	42	17
1481	Wed.Jun13,2001	9	13	26	32	47	6
1480	Sat.Jun09,2001	1	6	18	33	36	2
1479	Wed.Jun06,2001	2	13	16	41	45	20
1478	Sat.Jun02,2001	7	19	31	44	45	9
1477	Wed.May30,2001	12	13	22	32	38	21
1476	Sat.May26,2001	3	10	18	22	30	26
1475	Wed.May23,2001	7	12	32	39	43	8
1474	Sat.May19,2001	23	28	34	36	45	9
1473	Wed.May16,2001	1	3	6	9	19	14
1472	Sat.May12,2001	10	14	34	43	44	14
1471	Wed.May09,2001	4	14	17	30	34	23
1470	Sat.May05,2001	5	12	13	36	47	9
1469	Wed.May02,2001	6	10	23	30	33	13
1468	Sat.Apr28,2001	8	14	27	32	40	23
1467	Wed.Apr25,2001	1	14	19	21	43	8
1466	Sat.Apr21,2001	1	7	12	25	33	3
1465	Wed.Apr18,2001	2	12	14	35	37	13
1464	Sat.Apr14,2001	11	12	15	19	29	25
1463	Wed.Apr11,2001	5	7	28	30	31	8
1462	Sat.Apr07,2001	2	4	25	39	42	4
1461	Wed.Apr04,2001	13	24	25	33	43	16
1460	Sat.Mar31,2001	16	22	30	37	47	22
1459	Wed.Mar28,2001	4	6	19	20	40	10
1458	Sat.Mar24,2001	1	4	19	43	46	15
1457	Wed.Mar21,2001	3	10	13	33	35	18
1456	Sat.Mar17,2001	1	6	15	20	30	17
1455	Wed.Mar14,2001	9	11	12	20	22	23
1454	Sat.Mar10,2001	12	24	25	28	30	16
1453	Wed.Mar07,2001	8	17	29	32	45	11
1452	Sat.Mar03,2001	1	8	19	33	34	23
1451	Wed.Feb28,2001	1	3	5	41	46	9
1450	Sat.Feb24,2001	3	8	23	29	44	1
1449	Wed.Feb21,2001	20	23	31	33	46	25
1448	Sat.Feb17,2001	3	16	20	25	45	19
1447	Wed.Feb14,2001	4	36	37	42	43	1
1446	Sat.Feb10,2001	6	17	24	36	41	1
1445	Wed.Feb07,2001	19	30	34	41	44	9
1444	Sat.Feb03,2001	11	12	16	29	38	4
1443	Wed.Jan31,2001	8	23	25	26	35	13
1442	Sat.Jan27,2001	1	3	25	30	35	24
1441	Wed.Jan24,2001	3	5	15	32	42	4
1440	Sat.Jan20,2001	16	23	27	28	39	19
1439	Wed.Jan17,2001	9	14	22	25	38	25
1438	Sat.Jan13,2001	2	12	15	24	43	9
1437	Wed.Jan10,2001	3	14	15	19	45	19
1436	Sat.Jan06,2001	3	4	29	30	35	13
1435	Wed.Jan03,2001	2	7	28	30	38	6
1434	Sat.Dec30,2000	26	27	32	44	45	27
1433	Wed.Dec27,2000	6	11	13	18	27	19
1432	Sat.Dec23,2000	5	30	38	41	46	15
1431	Wed.Dec20,2000	6	9	10	11	26	22
1430	Sat.Dec16,2000	21	38	42	44	46	24
1429	Wed.Dec13,2000	12	15	16	29	39	23
1428	Sat.Dec09,2000	11	22	36	42	46	4
1427	Wed.Dec06,2000	2	19	24	26	43	11
1426	Sat.Dec02,2000	3	21	32	36	44	4
1425	Wed.Nov29,2000	31	34	36	37	47	26
1424	Sat.Nov25,2000	5	7	14	19	25	4
1423	Wed.Nov22,2000	7	12	24	26	34	23
1422	Sat.Nov18,2000	8	16	17	39	40	18
1421	Wed.Nov15,2000	6	9	15	24	32	9
1420	Sat.Nov11,2000	9	24	25	29	40	4
1419	Wed.Nov08,2000	5	24	34	35	47	22
1418	Sat.Nov04,2000	7	15	17	30	44	13
1417	Wed.Nov01,2000	3	20	27	34	47	15
1416	Sat.Oct28,2000	3	16	26	27	32	24
1415	Wed.Oct25,2000	1	14	21	33	46	9
1414	Sat.Oct21,2000	2	14	15	36	45	8
1413	Wed.Oct18,2000	2	4	24	30	38	24
1412	Sat.Oct14,2000	3	10	20	28	37	20
1411	Wed.Oct11,2000	5	7	16	19	29	26
1410	Sat.Oct07,2000	8	14	28	31	33	7
1409	Wed.Oct04,2000	4	6	7	15	36	7
1408	Sat.Sep30,2000	2	5	14	15	34	2
1407	Wed.Sep27,2000	1	5	6	9	33	22
1406	Sat.Sep23,2000	14	15	39	46	47	21
1405	Wed.Sep20,2000	2	6	25	30	46	18
1404	Sat.Sep16,2000	9	13	16	22	35	23
1403	Wed.Sep13,2000	26	35	37	39	45	6
1402	Sat.Sep09,2000	4	6	11	29	32	11
1401	Wed.Sep06,2000	4	30	36	43	45	15
1400	Sat.Sep02,2000	5	7	10	12	19	15
1399	Wed.Aug30,2000	2	6	10	27	32	9
1398	Sat.Aug26,2000	6	7	10	20	42	13
1397	Wed.Aug23,2000	16	32	38	43	46	8
1396	Sat.Aug19,2000	11	17	34	36	47	1
1395	Wed.Aug16,2000	2	16	22	31	34	10
1394	Sat.Aug12,2000	6	8	9	14	47	20
1393	Wed.Aug09,2000	5	16	20	21	44	17
1392	Sat.Aug05,2000	14	19	33	41	44	9
1391	Wed.Aug02,2000	6	9	31	39	44	24
1390	Sat.Jul29,2000	12	13	35	44	47	17
1389	Wed.Jul26,2000	4	12	16	27	41	1
1388	Sat.Jul22,2000	24	27	28	42	46	18
1387	Wed.Jul19,2000	13	23	26	39	41	14
1386	Sat.Jul15,2000	23	30	34	43	46	13
1385	Wed.Jul12,2000	8	11	19	26	28	16
1384	Sat.Jul08,2000	8	23	38	40	41	23
1383	Wed.Jul05,2000	1	3	26	40	44	26
1382	Sat.Jul01,2000	17	25	36	38	40	15
1381	Wed.Jun28,2000	6	12	26	36	38	27
1380	Sat.Jun24,2000	1	4	37	45	46	16
1379	Wed.Jun21,2000	1	2	5	23	45	11
1378	Sat.Jun17,2000	10	12	18	30	36	6
1377	Wed.Jun14,2000	5	13	24	35	45	10
1376	Sat.Jun10,2000	8	13	14	23	30	6
1375	Wed.Jun07,2000	2	4	11	15	28	16